1591.680316,5740.411371
1818.494637,5509.428365
1908.586959,5316.480970
1891.055711,5499.073136
1935.836125,5517.050467
1886.309338,5586.927078
1944.936914,5444.115199
2016.009107,5336.060060
2083.726089,5438.399711
2116.056687,5247.118953
2179.749549,5332.801224
2167.474508,5281.960979
2224.621959,5273.748072
2308.061467,5185.312322
2297.416597,5178.930009
2344.608833,5055.739325
2370.833139,5045.981555
2553.992864,4871.951786
2430.181911,5058.158617
2394.601253,5065.545382
2309.943677,5155.329888
2437.725865,5096.548539
2448.379891,5087.307086
2430.089904,5041.479689
2432.277885,4934.853409
2430.139769,4961.039756
2470.435974,5031.830542
2431.838315,5100.160786
2461.304672,5004.494063
2440.749242,5037.709284
2520.673289,4962.164480
2426.461043,4951.463314
2426.526695,4903.109287
2395.077129,4837.061288
2402.511836,4917.656227
2383.487918,4884.455791
2457.356439,4832.023044
2550.574001,4849.540238
2561.101366,4838.829050
2511.005590,4854.525458
3608.838768,4346.161916
3611.863414,4333.525797
3592.272791,4367.557495
3602.391955,4311.029811
3586.824766,4315.492219
3582.038133,4338.099923
3568.932337,4325.799035
3595.496648,4370.134762
3586.119729,4315.711485
3604.378881,4368.144280
3590.964235,4301.013382
3583.838829,4315.175698
3594.441368,4343.260301
3600.716592,4316.741325
3622.311321,4362.481781
3594.555537,4316.360915
3621.172154,4341.069079
3562.889346,4313.580330
3571.423944,4312.091515
3584.727238,4340.083190
3570.115534,4345.958536
3576.721015,4317.357405
3599.605046,4326.793828
3575.530379,4316.342954
3563.865931,4337.134876
3564.287292,4272.665603
3572.952833,4318.656515
3575.429829,4335.642260
3574.755959,4306.444516
3588.650544,4339.854782
3588.750822,4324.821721
3595.442233,4322.415603
3604.891255,4377.994496
3619.530660,4352.446143
3619.053454,4339.529214
3616.442365,4309.597262
3629.858406,4299.334754
3624.917592,4316.277078
3612.624696,4348.155997
3622.666653,4323.363273
1530.935029,5748.377084
1524.858427,5786.393599
1627.463948,5813.449339
1803.426374,5570.659964
1741.280978,5561.407152
1659.007660,5623.886331
1644.622442,5682.795956
1822.202689,5532.237651
1866.530335,5626.127405
1780.140376,5459.613592
1783.729742,5581.382067
1609.156301,5629.754237
1661.736380,5627.540211
1606.614462,5681.702384
1717.398701,5538.045215
1741.120272,5496.616080
1692.951419,5569.281341
1884.843066,5522.871444
1827.699962,5596.092082
1971.201801,5421.087195
1997.914904,5395.546732
1844.705174,5552.864935
2042.954400,5317.799565
2045.028760,5294.307425
2070.234632,5355.306673
2017.848233,5247.324253
2057.729433,5235.466177
2041.253527,5250.352242
2039.514448,5175.857032
1972.069255,5376.618991
1973.798707,5396.067690
2033.299465,5357.533065
2125.686337,5214.183504
1994.942220,5500.062742
2018.889296,5439.533854
1863.731140,5578.605340
1915.142067,5563.571989
1995.393389,5519.260282
2134.984992,5124.020853
2052.855398,5422.837533
1594.494701,5698.442185
1803.427914,5466.411760
1865.349800,5491.982252
1778.791681,5582.217051
1918.627652,5502.314630
1941.854447,5393.432564
1963.432220,5337.157930
1941.432472,5390.654381
1929.686541,5549.146803
1869.932464,5647.013918
1906.467971,5465.127136
1983.319082,5503.718468
2050.243878,5456.063197
2129.321876,5343.766624
2130.688068,5350.252578
2146.524844,5324.860376
2211.184105,5286.872795
2259.274849,5233.485673
2263.917058,5095.204997
2319.137762,5110.230670
2300.215302,5219.453279
2352.260789,5165.833053
2317.166194,5169.676484
2359.172342,5130.375476
2350.276102,5102.807076
2427.198046,5038.091452
2440.595832,5099.069736
2405.327464,5078.444240
2467.285156,4937.845291
2443.864548,4964.771158
2412.889649,5012.513581
2401.463291,5034.991155
2415.863052,5071.159701
2379.105154,5011.306760
2431.779734,4994.935878
2438.165864,5071.484263
2422.836438,5037.346809
2462.363661,5050.757314
2423.633141,5045.210029
2392.133595,5075.175950
3618.722433,4341.462187
3620.148477,4358.364251
3617.608167,4320.378687
3594.447356,4322.799622
3609.440011,4369.111037
3572.453362,4353.736730
3573.674471,4338.991436
3561.524841,4345.486901
3597.604817,4359.258837
3583.246004,4351.735334
3584.672371,4317.068543
3629.491804,4393.937353
3640.682507,4388.844163
3641.174026,4355.756876
3621.979847,4372.756134
3618.403292,4355.101210
3617.572573,4387.028135
3605.512589,4343.878835
3613.127457,4368.429368
3591.598913,4301.363830
3597.336889,4289.887633
3607.468496,4340.140911
3626.442350,4346.620950
3605.665100,4292.716550
3601.510354,4307.968370
3616.409551,4329.357222
3636.133860,4380.666883
3622.364102,4342.560705
3650.064773,4288.889408
3621.089698,4333.719831
3622.927712,4313.510644
3628.159290,4315.705175
3640.443720,4342.147630
3641.797090,4354.069205
3633.724237,4357.204922
3614.783838,4343.804743
3612.133007,4275.681735
3592.601178,4311.915774
3601.684351,4284.089792
3589.064648,4268.888577
3380.909044,4398.610729
3435.424233,4446.228868
3439.386248,4418.460312
3501.429446,4492.268316
3461.576571,4432.919857
3468.216234,4431.176899
3453.948719,4409.360049
3435.152358,4402.252897
3416.316102,4405.274356
3413.480786,4384.022650
3424.029169,4398.507454
3427.555662,4396.921762
3466.864454,4410.049473
3458.042270,4394.505161
3467.186567,4413.056806
3469.729647,4427.181024
3497.668736,4455.335495
3471.500749,4388.961391
3432.649951,4386.650329
3449.532400,4361.364189
3438.452842,4389.058759
3418.536369,4380.990330
3446.835962,4405.786802
3432.043354,4407.021619
3444.847290,4390.703646
3424.569497,4409.549833
3450.645007,4431.465450
3451.054386,4426.792603
3473.382330,4444.835381
3467.928296,4493.577428
3437.947259,4442.007173
3466.801359,4448.762471
3394.747178,4410.144149
3404.489752,4407.836807
3401.368125,4424.892384
3470.437026,4447.300533
3452.072309,4411.390813
3439.712032,4427.973288
3436.667546,4409.031791
3469.017694,4433.685852
