-100.000000,198.509124
-100.000000,198.447086
-100.000000,198.481453
-100.000000,198.408568
-100.000000,198.328154
-100.000000,198.134662
-100.000000,197.940212
-100.000000,197.677188
-100.000000,197.715586
-100.000000,197.560980
-100.000000,197.420730
-100.000000,197.580292
-100.000000,197.703581
-100.000000,197.562539
-100.000000,197.526683
-100.000000,197.439296
-100.000000,197.193771
-100.000000,196.880657
-100.000000,196.966534
-100.000000,196.815455
-100.000000,198.511033
-100.000000,198.445287
-100.000000,198.477536
-100.000000,198.406246
-100.000000,198.319821
-100.000000,198.121943
-100.000000,197.924096
-100.000000,197.653130
-100.000000,197.686874
-100.000000,197.530535
-100.000000,197.389019
-100.000000,197.547666
-100.000000,197.681346
-100.000000,197.535545
-100.000000,197.500558
-100.000000,197.415704
-100.000000,197.169562
-100.000000,196.841009
-100.000000,196.931399
-100.000000,196.793797
-100.000000,198.521041
-100.000000,198.453138
-100.000000,198.481671
-100.000000,198.413943
-100.000000,198.320487
-100.000000,198.119232
-100.000000,197.904579
-100.000000,197.638851
-100.000000,197.662777
-100.000000,197.490822
-100.000000,197.342966
-100.000000,197.525005
-100.000000,197.638507
-100.000000,197.490197
-100.000000,197.424333
-100.000000,197.332276
-100.000000,197.074092
-100.000000,196.727987
-100.000000,196.819526
-100.000000,196.682285
63.000000,54.747083
63.000000,55.220572
62.500000,57.279192
62.000000,57.942709
62.500000,56.234208
62.500000,55.667609
62.500000,55.406625
62.000000,55.846470
62.500000,54.548680
62.000000,54.397762
62.000000,53.910354
62.000000,53.747748
62.000000,53.752739
62.000000,54.212797
62.000000,53.577737
62.000000,53.510251
61.500000,53.294679
61.500000,52.853638
61.000000,52.621713
61.000000,52.023309
67.500000,46.583239
67.500000,46.481599
67.500000,46.350182
67.500000,46.235143
67.500000,46.096094
67.500000,46.008174
67.500000,45.929228
67.500000,45.814473
67.500000,45.741427
67.500000,45.666628
67.500000,45.638972
67.500000,45.574455
67.500000,45.505751
67.500000,45.462271
67.500000,45.441374
67.500000,45.446446
67.500000,45.409339
67.500000,45.386183
67.500000,45.361804
67.500000,45.333364
67.500000,46.549050
67.500000,46.404412
67.500000,46.265524
67.500000,46.123274
67.500000,45.986867
67.500000,45.874276
67.500000,45.794198
67.500000,45.658869
67.500000,45.590930
67.500000,45.526927
67.500000,45.477571
67.500000,45.387489
67.500000,45.310750
67.500000,45.281160
67.500000,45.284228
67.500000,45.224586
67.500000,45.202088
67.500000,45.180033
67.500000,45.170538
67.500000,45.142448
