67.500000,46.863482
67.500000,47.005412
67.500000,47.093106
67.500000,47.226870
67.000000,47.780784
67.000000,47.872481
67.000000,47.926562
67.000000,48.017963
67.000000,48.049412
67.000000,48.155803
67.000000,48.223621
67.000000,48.268044
67.000000,48.243413
67.000000,48.279823
67.000000,48.435413
67.000000,48.376050
67.000000,48.445204
67.000000,48.536104
67.000000,48.581234
67.000000,48.676877
67.500000,46.898072
67.500000,47.128486
67.000000,47.727684
67.000000,48.005018
67.000000,48.237333
67.000000,48.396442
67.000000,48.622891
67.000000,48.806017
67.000000,48.992979
66.500000,49.681681
66.500000,49.866298
66.500000,50.098314
66.500000,50.210238
66.000000,50.868747
66.000000,51.041434
66.000000,51.209873
65.500000,51.879771
65.500000,52.013429
65.500000,52.139474
65.500000,52.247178
-100.000000,199.193587
-100.000000,198.773167
-100.000000,198.386827
-100.000000,198.026340
-100.000000,197.792933
-100.000000,197.265838
-100.000000,197.119151
-100.000000,196.737568
-100.000000,196.520858
-100.000000,195.208423
-100.000000,196.185134
-100.000000,195.824076
-100.000000,196.505208
-100.000000,196.608202
-100.000000,197.911829
-100.000000,198.086381
-100.000000,197.546523
-100.000000,198.281280
-100.000000,197.704656
-100.000000,198.186192
-100.000000,155.606318
-100.000000,147.560569
13.000000,134.824145
12.000000,127.025037
14.000000,119.829122
13.500000,115.113015
11.000000,112.684369
43.500000,89.160523
46.500000,84.355409
47.500000,79.883548
48.000000,75.817742
48.000000,72.572557
47.500000,70.272523
47.500000,68.268155
49.500000,64.904939
50.000000,63.358151
50.500000,62.025578
50.500000,61.115407
51.000000,60.127590
51.000000,59.604681
55.000000,59.288311
55.000000,59.223968
55.000000,59.221266
55.500000,59.008560
55.500000,58.928561
55.500000,58.934620
56.000000,58.699773
56.000000,58.639306
56.000000,58.637507
56.000000,58.582349
56.500000,58.351904
56.500000,58.319488
56.500000,58.283834
56.500000,58.294687
56.500000,58.273827
56.500000,58.294696
57.000000,58.105835
57.000000,58.304437
57.000000,58.399020
57.000000,58.606121
-100.000000,189.867006
-100.000000,194.469328
-100.000000,194.486335
-100.000000,196.383025
-100.000000,197.808546
-100.000000,198.653860
-100.000000,198.822956
-100.000000,198.329985
-100.000000,195.900539
-100.000000,192.402518
-100.000000,189.465520
-100.000000,186.270103
-100.000000,185.405686
-100.000000,188.808112
-100.000000,190.287454
-100.000000,184.258266
-100.000000,181.368769
-100.000000,181.786155
-100.000000,189.949636
-100.000000,197.344193
