-100.000000,195.279267
-100.000000,195.625566
-100.000000,195.825220
-100.000000,196.154193
-100.000000,196.193803
-100.000000,196.221882
-100.000000,196.416510
-100.000000,196.703147
-100.000000,196.814746
-100.000000,196.989427
-100.000000,197.004631
-100.000000,197.051705
-100.000000,197.080057
-100.000000,197.014508
-100.000000,196.873003
-100.000000,196.926132
-100.000000,197.031714
-100.000000,197.008987
-100.000000,197.148502
-100.000000,197.337328
-100.000000,196.986835
-100.000000,197.363443
-100.000000,197.668748
-100.000000,197.893026
-100.000000,197.978764
-100.000000,198.162427
-100.000000,198.242849
-100.000000,198.400863
-100.000000,198.339446
-100.000000,198.236364
-100.000000,198.257845
-100.000000,198.153805
-100.000000,198.061277
-100.000000,197.918001
-100.000000,197.820841
-100.000000,197.530429
-100.000000,197.264909
-100.000000,197.174993
-100.000000,196.966358
-100.000000,196.826138
-100.000000,196.334882
-100.000000,196.621472
-100.000000,196.774181
-100.000000,196.981306
-100.000000,197.043965
-100.000000,197.290491
-100.000000,197.389632
-100.000000,197.587812
-100.000000,197.669410
-100.000000,197.748290
-100.000000,197.703926
-100.000000,197.668478
-100.000000,197.798688
-100.000000,197.721244
-100.000000,197.767345
-100.000000,197.637319
-100.000000,197.670459
-100.000000,197.716380
-100.000000,197.605364
-100.000000,197.700385
67.500000,46.713470
67.500000,46.696914
67.500000,46.686130
67.500000,46.664532
67.500000,46.657975
67.500000,46.617077
67.500000,46.619450
67.500000,46.604160
67.500000,46.597184
67.500000,46.560215
67.500000,46.569785
67.500000,46.552955
67.500000,46.534623
67.500000,46.528390
67.500000,46.540588
67.500000,46.525204
67.500000,46.527965
67.500000,46.537382
67.500000,46.538156
67.500000,46.500181
67.500000,44.670484
67.500000,44.671354
67.500000,44.671030
67.500000,44.671163
67.500000,44.668233
67.500000,44.665361
67.500000,44.664094
67.500000,44.658961
67.500000,44.659750
67.500000,44.664000
67.500000,44.666257
67.500000,44.670323
67.500000,44.668938
67.500000,44.672402
67.500000,44.682545
67.500000,44.704504
67.500000,44.704484
67.500000,44.709040
67.500000,44.724247
67.500000,44.727907
56.000000,53.000498
56.000000,53.113840
56.000000,53.083500
56.000000,53.046624
56.000000,52.996326
56.000000,53.048345
56.000000,53.068697
56.000000,53.136749
56.000000,53.201439
56.000000,53.192567
55.500000,53.582255
55.500000,53.606824
55.500000,53.656779
55.500000,53.685044
55.500000,53.695499
55.500000,53.784019
55.500000,53.792640
55.500000,53.812063
55.500000,53.868901
55.500000,53.907892
