-100.000000,182.952128
-100.000000,180.591932
-100.000000,183.264808
-100.000000,185.193508
-100.000000,189.956311
-100.000000,194.076197
-100.000000,198.428867
-100.000000,198.770437
-100.000000,196.332991
-100.000000,194.565780
-100.000000,195.397382
-100.000000,197.668135
-100.000000,196.706207
-100.000000,196.312899
-100.000000,196.287675
-100.000000,198.167682
-100.000000,197.513350
-100.000000,196.568674
-100.000000,197.214788
-100.000000,190.412633
65.000000,47.568729
65.500000,47.146592
65.500000,47.146378
65.500000,47.152471
65.500000,47.191370
65.500000,47.185115
66.000000,46.745302
66.000000,46.741523
66.000000,46.751473
66.000000,46.749031
66.000000,46.769412
66.500000,46.376866
66.500000,46.371102
66.500000,46.394113
66.500000,46.392384
66.500000,46.419399
66.500000,46.450875
66.500000,46.455281
66.500000,46.505255
66.500000,46.567149
-100.000000,173.672578
-100.000000,168.815745
-100.000000,162.644827
-100.000000,163.339793
-100.000000,174.176790
-100.000000,183.647742
-100.000000,190.094507
-100.000000,194.740330
-100.000000,196.332823
-100.000000,195.985766
-100.000000,195.275659
-100.000000,194.770247
-100.000000,195.783102
-100.000000,196.412931
-100.000000,197.133261
-100.000000,197.322673
-100.000000,196.936209
-100.000000,195.770108
-100.000000,193.583408
-100.000000,190.304127
-100.000000,191.856279
-100.000000,195.306187
-100.000000,196.429385
-100.000000,193.735687
-100.000000,189.245278
-100.000000,184.669834
-100.000000,179.270282
-100.000000,177.630687
-100.000000,179.970088
-100.000000,184.120573
-100.000000,189.376483
-100.000000,194.598871
-100.000000,196.240648
-100.000000,195.947472
-100.000000,194.548239
-100.000000,192.778616
-100.000000,192.107620
-100.000000,193.772751
-100.000000,195.314682
-100.000000,196.428013
67.000000,45.601157
67.000000,45.674124
67.000000,45.787807
67.000000,45.915477
67.000000,46.054634
67.000000,46.176430
67.000000,46.264378
67.000000,46.316011
67.000000,46.462939
67.000000,46.667445
67.000000,46.802499
67.000000,46.915764
67.000000,46.955235
67.000000,47.059022
66.500000,47.624489
66.500000,47.757908
66.500000,47.873116
66.500000,48.004553
66.500000,48.190966
66.500000,48.237454
-100.000000,142.308297
-100.000000,159.439400
-100.000000,175.560839
-100.000000,187.113798
-100.000000,193.643225
-100.000000,196.143533
-100.000000,197.087993
-100.000000,196.505421
-100.000000,194.884295
-100.000000,196.473926
-100.000000,196.832546
-100.000000,195.788141
-100.000000,188.823832
-100.000000,168.140106
-100.000000,152.043294
-100.000000,143.054053
-100.000000,154.277963
-100.000000,152.867766
-100.000000,161.791464
-100.000000,174.644792
