-96.990960,-144.794050
-160.801541,-193.833388
-174.289087,-206.012992
-6.783198,-53.892636
-137.175919,-161.232467
-179.302756,-216.223027
-138.216301,-163.397062
-158.832979,-172.376090
-121.354597,-137.062122
-309.220213,-345.964023
-330.191737,-320.537260
-118.725541,-174.775541
-74.825593,-64.518549
-230.370256,-147.839039
94.524304,17.501956
111.433620,87.141724
-70.882744,-101.920157
-47.793232,-51.429016
-167.464921,-146.075652
140.490362,116.815225
-128.388439,-100.889492
-111.299044,-93.557565
66.006057,43.210241
-106.223809,-62.315534
-75.951076,10.500470
-32.727899,-2.305639
-58.729588,-45.861899
-66.293543,-81.202516
238.267428,230.727792
-44.154848,-52.479502
-67.952191,-69.788550
77.065407,87.855638
147.604709,139.490486
242.457416,200.876165
254.810736,190.592068
191.471026,147.565462
285.752180,300.131283
91.660171,145.646057
237.387188,224.464660
114.284556,202.787343
82.526284,151.556823
169.899225,227.200321
129.010114,128.199085
130.914427,148.053314
226.631563,239.612440
124.661075,134.685013
275.714789,337.899390
237.704094,318.594701
183.532714,210.563108
206.414534,193.578152
347.262544,363.798816
180.379634,222.404674
236.685467,280.402717
214.293615,213.976287
217.945668,319.976340
346.811577,371.623788
258.065245,333.145722
346.640077,394.497289
261.503537,421.782934
298.496652,399.429968
325.833647,357.352399
307.999690,382.570129
348.413334,327.478222
291.775188,405.410848
231.388134,449.312359
399.301274,427.526451
405.934626,439.664438
373.298713,389.594906
372.609221,387.546705
366.945080,446.301603
414.499697,452.209272
407.984712,416.326532
373.212583,420.393305
378.433771,401.250069
385.941442,398.802525
403.742485,423.223935
407.790061,418.742095
388.717029,412.307187
385.745260,390.427795
380.405736,398.663716
382.124399,389.944047
380.611880,405.795935
314.465874,527.189759
383.161973,422.393596
409.401409,481.712843
298.617184,599.484228
350.838086,563.200931
342.362411,581.359083
299.781168,615.078482
366.844566,632.269352
300.822215,650.340905
346.724944,598.311405
265.645804,668.985960
286.840151,672.710666
255.941506,709.176729
315.751276,637.954522
281.977110,678.858589
326.616653,700.488646
274.133114,719.837891
263.261606,685.520171
300.616731,685.181345
300.396631,689.745991
330.858463,505.223876
298.125112,663.636322
257.877689,703.736680
269.896870,710.736606
252.175696,741.572400
277.210742,680.993520
235.470151,772.497738
204.339632,753.373028
429.862662,434.875173
240.229696,756.464409
171.086066,805.393925
216.952839,759.615864
254.575192,777.237230
256.241033,760.963185
271.147054,782.437939
192.436580,900.927027
209.148137,900.028771
227.039490,879.953926
250.232499,883.754483
220.988079,873.870756
237.657501,849.180275
231.814531,859.403803
357.735442,552.352872
206.659105,926.321526
229.753260,903.067023
271.917499,926.748833
278.148399,917.188361
316.526196,865.675799
280.745699,902.480405
221.282462,958.184946
266.691849,927.521300
263.153218,914.817628
279.169077,930.731631
274.806526,965.248910
239.398194,988.050084
273.254681,874.137001
209.265906,1005.059277
329.452284,950.811221
312.867546,742.612822
242.738587,1027.675531
270.819894,1006.730176
362.784012,764.060714
302.950408,981.622270
317.361035,1023.997326
334.733601,976.130022
267.416265,979.728186
340.854314,967.809418
276.406997,993.235245
276.346381,975.130475
134.193038,1054.204669
222.068904,1014.276710
278.243266,1007.264176
296.143483,995.551915
301.704022,1000.384995
200.121039,1082.058665
318.696148,993.026157
383.187205,643.511673
245.944840,1089.260983
271.119147,1119.937853
282.659810,1012.413527
295.471108,1106.561772
230.127636,1065.101175
310.747860,1026.406142
237.164990,1125.279338
238.875474,1164.986975
208.259732,1101.202087
310.673391,1153.263141
261.138946,988.722184
234.467763,1120.266174
229.988572,1174.251768
300.703661,1146.414108
303.420983,1142.149065
246.355943,1081.441388
237.454809,1165.646146
205.785304,1165.592875
234.215955,1080.088286
244.912410,1140.895469
258.645503,1237.033137
305.546732,1211.049078
245.192445,1212.881465
209.444937,1202.256317
242.324240,1211.839710
264.260243,1111.864680
226.121983,1140.710188
208.225161,1232.387993
231.702066,1241.939722
317.482081,1159.003378
253.399212,1193.173995
245.756227,1196.156549
369.287521,469.260257
427.390307,589.479914
218.086853,1202.468255
240.544769,1175.640129
292.929340,1230.632118
215.877839,1274.199208
186.490288,1298.527339
247.121299,1227.488913
287.361752,908.065475
-90.022692,-82.164087
-84.200870,-63.954027
-20.921776,-10.976876
23.458527,31.344709
-126.322890,-123.753312
13.374888,41.876013
-18.279037,8.392987
104.159515,109.817969
-40.143527,-61.405413
46.333938,55.212913
189.179460,212.969195
104.278454,115.623565
118.156962,118.895327
97.934770,103.501731
92.538932,101.320995
95.221783,100.503474
162.924315,169.088991
123.843466,134.176361
109.645831,112.883259
146.895372,184.301815
116.726335,175.422499
193.157358,208.483316
162.654484,218.362924
177.153681,195.561635
155.439512,199.519181
141.232787,201.544418
143.233048,199.685254
140.918504,204.503836
89.970771,186.741609
114.256142,171.578970
109.456598,195.312562
167.782342,213.541645
224.915422,260.794545
159.914662,281.480882
170.926666,203.196115
202.432804,232.266486
158.592384,246.798273
196.448220,269.075849
214.054608,252.328152
219.054945,252.116359
230.268153,265.809736
264.261721,271.477998
235.882262,287.095819
315.153843,355.290925
327.562334,358.487853
329.605147,375.182589
248.512627,344.565042
345.504011,354.098368
361.799230,373.714003
338.784104,416.351782
355.398645,397.866673
383.368169,458.299883
433.487534,477.460396
399.673890,442.118356
400.053641,452.106309
379.656456,619.450294
354.378006,452.205059
388.527899,450.839477
356.395250,500.781173
338.357074,433.694575
349.533720,489.852886
290.830206,554.961947
325.008459,435.525658
348.119343,380.357371
345.971228,391.836896
367.060177,494.033001
339.616624,653.665011
343.521798,558.784406
370.422034,526.978346
319.220947,518.625705
364.232374,523.802130
360.243124,535.365369
401.117108,577.057868
282.283309,664.685936
296.727048,655.399331
332.878918,670.973034
330.797107,719.264599
297.000140,700.794102
279.296311,696.305640
396.362460,725.454325
367.138153,767.166864
357.982856,784.361747
438.893405,734.215439
396.440604,772.535118
389.863501,856.013671
359.704312,828.321158
333.594166,620.929994
430.347542,793.449420
365.394206,862.309394
421.741164,848.294112
378.715093,666.877504
477.116037,903.241909
368.068184,945.334262
419.379924,864.322497
453.748895,884.143803
485.261124,965.819745
506.474414,1003.545148
474.116845,954.469509
449.900372,804.374018
387.437463,934.668296
510.857769,905.205275
390.637046,667.215738
519.585925,954.591381
419.928495,680.343662
457.037062,525.788111
443.831796,907.130789
408.910939,831.290117
395.390610,761.697275
493.416945,1036.467908
411.262853,1065.732849
415.905087,517.596775
442.990440,572.073159
395.257479,674.384020
463.909822,670.969622
501.206089,1119.843025
535.475816,969.755622
469.972237,1013.585802
477.852156,618.659504
486.054196,946.299903
492.082220,651.591551
472.048322,1120.734360
429.641365,1156.411874
507.843381,1151.814448
545.756331,1214.555153
516.269132,1292.324018
555.446513,1160.087291
424.498631,1211.611375
320.937438,1382.052346
473.608807,1216.110663
459.038369,1278.486777
520.207697,1347.504706
469.867977,1302.658688
564.905454,1247.299345
459.551519,1327.638705
490.524447,1067.765844
533.100454,1335.850977
512.465549,1324.963590
643.124350,1332.580001
475.047316,1226.058164
445.805696,635.682041
559.834611,1218.356084
584.401896,1367.824225
554.921075,1365.715707
675.474903,1471.478363
674.548465,1333.293548
665.601619,1226.845576
605.494898,1219.051798
620.579035,1338.161228
604.970243,1453.348363
736.000317,1483.829276
684.268339,1412.737642
695.993327,1471.987489
683.442933,1345.422993
545.872037,830.839383
750.073840,1437.216656
604.146831,1466.985950
599.358075,1517.530817
434.663330,1617.479871
644.964496,1495.618725
607.422970,1520.964190
620.654304,1547.632498
757.410596,1413.494051
731.216586,1484.194987
611.344267,1625.876810
632.472404,1634.982128
793.388177,1488.072757
696.698077,1566.422524
659.377192,1589.053864
692.980223,1577.133766
762.015542,1576.591383
688.085067,1622.014679
822.722401,1564.963026
810.474614,1643.179650
751.906404,1636.788715
679.099837,1577.444496
829.870315,1657.303373
766.105424,1635.953515
819.286676,1659.391049
668.575207,1747.743024
702.782960,1691.518078
722.843473,1688.933260
809.521745,1719.803481
659.305605,1836.684752
748.438566,1719.719858
740.688311,1756.457160
793.029561,1765.311512
845.096725,1737.672309
809.723809,1715.552429
744.078791,1801.968971
746.775282,1836.268538
772.601199,1780.146737
804.015147,1722.454703
857.661793,1788.646584
588.539383,1318.258849
830.003475,1816.420377
757.548190,1841.741470
1022.894915,1828.726038
789.402270,1879.566321
827.949222,1834.732984
752.715316,1883.450877
-18.114694,-25.084605
-60.347315,-79.361765
-211.010084,-219.262730
-137.793774,-146.579085
-23.104353,-27.545862
-15.487697,-31.353888
-22.440553,43.455331
68.097363,53.578718
-21.443428,-34.819372
173.419289,168.807864
-54.671728,-61.298824
145.451292,141.260105
64.870393,95.303884
69.286299,102.722721
123.695886,153.045389
93.416555,106.950849
12.362626,14.168325
163.771922,200.072154
81.397274,72.648610
10.983218,32.237029
144.678191,145.013969
128.776538,115.665520
224.009491,206.367909
172.585514,190.631875
294.963618,291.342639
181.418826,226.690158
265.614857,214.683910
322.476865,312.542591
236.092005,326.245492
315.764223,313.873568
277.588955,314.072307
213.451010,255.617181
244.021410,316.103818
253.738353,348.175183
294.107709,341.498865
305.365456,289.308270
301.650907,274.267477
356.098054,356.697816
242.202106,365.865562
376.743795,373.146508
382.613271,375.766880
380.743805,382.749680
370.192843,373.554449
382.061721,383.082281
388.850480,390.253104
388.820584,399.752394
326.536665,497.321848
390.213530,384.680167
347.791973,495.831414
321.198746,499.110650
347.412978,500.425754
451.973144,477.380725
334.686681,524.002194
396.960156,475.587747
333.491400,501.557593
402.664054,503.578849
425.150369,500.093066
400.674242,499.746330
417.384939,507.863664
383.385610,511.038321
416.746694,500.108062
457.829310,509.088228
465.570331,495.311718
450.762154,502.023209
477.632752,598.592126
461.326569,610.360893
488.152354,506.604964
485.529944,621.785473
449.292749,495.697330
461.058570,563.523465
513.638728,639.675558
501.962787,651.515494
447.993749,561.973980
530.300347,648.542360
510.774073,643.250508
572.427494,723.383772
549.167197,676.881013
543.530354,723.925674
550.506814,679.842396
604.367411,698.071069
617.388593,696.229771
576.328217,772.868309
599.428924,757.000953
564.964102,761.106233
533.742205,782.289621
619.500929,802.139418
581.973568,806.635970
525.571658,801.840264
628.056275,856.033363
574.104851,841.299642
603.121090,875.568545
556.233935,840.234133
588.403410,869.118529
603.779853,911.543938
599.800102,893.661586
583.490352,938.965153
683.825526,898.898672
694.627133,905.194388
656.443670,963.530222
681.509763,906.925464
700.889487,842.731722
666.466187,900.912663
718.254663,939.152845
667.119236,903.400499
749.759697,962.287892
714.261457,888.780651
683.443365,999.782078
739.687090,980.800520
763.303007,969.836301
721.423691,984.796844
743.645859,1023.050056
773.857806,962.285128
680.829357,908.722169
665.138799,1022.770067
777.409387,1053.557603
780.846855,1004.555575
688.506263,1101.653261
791.808251,1094.378618
781.754768,1088.528076
789.488153,1049.301230
781.603948,1050.915364
811.175822,1091.606032
789.504098,1128.359591
785.875161,1029.953935
815.127029,1112.014820
774.221347,1042.337741
743.397014,1137.618734
848.480705,1158.702857
919.448449,1199.015671
990.341267,1278.352071
915.946372,1224.114180
854.787874,1228.217806
856.121348,1267.271844
852.516819,1254.588470
911.312689,1191.898105
892.248846,1298.409904
875.951406,1243.186856
908.895124,1278.617647
922.731417,1269.725479
945.772157,1321.758238
851.830796,1350.231655
960.738662,1379.098657
577.022722,754.837542
944.676786,1375.261209
1086.692548,1318.702155
943.114254,1404.786628
1160.855327,1334.418097
1130.124891,1343.964784
1067.962151,1367.716320
1073.276071,1486.247896
1186.828461,1494.408470
1078.463157,1528.232304
1167.662295,1417.935468
1165.170046,1514.151289
1208.979186,1383.371843
1077.426123,1581.997295
1320.100285,1448.913720
1178.811071,1565.704800
1186.955586,1492.486867
1282.781326,1584.936516
1211.561673,1541.747084
1150.868311,1493.915805
1213.613906,1375.942913
1283.064686,1601.638371
1328.740993,1581.535974
1356.489541,1563.787590
1436.419304,1611.309068
1396.925749,1628.790068
1486.830854,1468.115666
1429.935194,1599.396448
1452.821525,1612.669877
1460.236188,1589.219810
1470.510610,1594.795343
1474.223444,1676.058720
1425.706049,1635.313989
1501.446016,1636.593560
1589.936916,1558.516011
1651.572205,1467.261771
1504.607095,1732.060358
1527.676144,1758.299570
1455.292873,1619.718718
1389.664466,1745.932223
1386.569144,1827.773536
1519.466213,1805.165551
1591.383026,1741.037690
1556.396325,1835.102093
1556.964100,1782.803669
1603.551636,1705.760659
1646.109446,1711.755812
1487.476728,1765.853281
1578.198707,1834.821326
1619.611798,1744.758165
1600.045788,1915.526458
1521.169321,1940.484960
1592.506033,1874.301259
1479.525854,1809.596120
1605.698697,1847.326784
1624.122470,1917.839950
1599.720062,1765.192902
1698.699118,1856.317523
-116.679749,-122.611351
-58.221015,-126.506301
-257.875492,-204.716312
-312.448709,-318.880361
-49.544300,-122.422423
-88.164293,-139.726497
-22.831080,-165.301734
-194.066882,-214.180832
49.375053,-107.336110
-101.590160,-121.438306
-37.503152,-161.058201
-96.193337,-226.907963
-57.224221,-64.953770
-45.245443,1.462885
-91.642483,-196.794324
64.900553,-16.496660
100.702402,-29.014776
56.057354,-0.027957
31.609747,-113.650580
107.158414,84.008632
80.367625,60.135043
133.009339,83.188215
139.130588,59.772591
223.606084,197.521707
156.915200,102.196579
273.158909,257.828214
209.077077,207.896903
230.167607,187.808821
250.623524,87.497706
275.927994,288.716454
254.530348,279.432265
240.308338,259.475323
272.552002,214.285500
235.252164,257.775862
282.684266,305.465295
321.380004,260.785834
353.701450,221.318280
291.571249,275.649428
318.409564,249.749838
376.687990,276.414350
452.766586,289.592527
398.207633,310.855850
485.558817,346.854568
395.178095,344.078547
410.919900,400.054643
355.569832,431.010783
530.561334,350.975102
475.745843,347.096261
436.286737,413.190481
386.049381,400.137968
490.902942,358.716110
557.591330,456.490349
405.643949,390.717458
474.626603,374.653255
364.446094,349.873451
459.592337,380.806434
431.982988,361.964762
460.145159,407.817078
414.332396,383.719256
440.002007,393.416284
466.076927,392.425690
497.590116,365.455891
395.840302,403.750451
483.900608,422.911887
448.478002,409.503966
408.780044,398.925246
370.958169,360.135980
371.496386,361.466079
425.271736,448.027106
468.974950,380.094953
456.572467,433.886435
553.418337,444.485445
555.916913,490.961149
519.050721,448.493731
567.721147,456.630188
657.704161,431.778100
681.418664,487.650816
724.877575,484.453241
730.796605,469.253956
721.238658,504.928306
703.318426,587.442354
765.557382,490.069401
725.615410,515.456913
740.495225,552.689108
758.438376,570.420048
745.548499,547.883390
776.850170,541.743245
771.939646,596.456458
752.718955,567.974906
759.882904,567.422219
769.092777,587.513020
852.708095,616.934302
764.727936,691.245860
823.141593,664.782279
771.821928,586.147259
787.677525,726.532437
833.072659,676.623046
473.118967,469.851744
768.531874,687.181381
776.716248,665.448494
805.743265,758.566929
897.356048,764.776486
813.008230,747.924628
822.999688,782.181273
894.014886,793.691321
818.441926,774.103886
915.785783,778.586457
936.043968,782.688810
886.544310,796.235830
932.303339,746.923241
856.256487,662.089086
933.864326,766.296330
933.353134,746.533744
947.335328,872.471426
954.835528,814.974512
599.263892,590.403670
829.726718,908.805201
879.935260,887.111520
846.282579,728.216455
853.627964,948.878727
903.564329,883.745699
829.965444,960.122223
860.293937,951.440600
885.108751,1052.340679
956.941587,957.449797
954.975648,852.072900
675.944594,642.778489
928.126403,873.988209
908.159196,917.583267
994.171377,1012.021363
960.759458,1030.696729
1002.594112,1065.985455
954.537940,973.082486
1016.081885,832.913045
908.802197,928.312961
938.431542,960.258249
989.058102,918.486393
943.273755,1042.867875
1013.209927,911.343234
964.793276,965.846433
1004.486286,965.737056
1022.233302,1103.721328
968.298266,1075.067205
940.994017,1031.353621
876.526574,771.237499
978.165525,1034.510172
1037.291820,1024.117716
984.104760,1119.006610
995.080030,990.558127
1024.564385,1122.160893
1086.847766,1127.547579
1029.324306,1110.872345
1059.207511,1088.374187
1083.736762,1074.351456
1140.852958,1084.088815
1048.771907,957.591505
1143.132103,1130.326226
1141.614270,988.623524
1101.236083,1080.424502
1162.487216,1018.944845
1184.121221,1087.891000
1192.554815,1070.717365
1250.121344,1062.027577
1131.539679,1107.335651
1125.348416,1120.411761
1209.114658,1107.805257
1205.546976,1130.057234
1210.704565,1038.400674
1212.967216,1149.010630
1137.147191,1116.350197
1150.456880,1219.853583
1143.069046,1174.292345
1199.211371,1263.176199
1107.214637,1263.264233
1224.375443,1198.468640
1202.313653,1125.495988
1095.318097,989.883144
1251.493172,1120.003261
1257.551007,1228.829178
1255.404513,1223.707710
1298.143584,1194.892083
1232.861239,1142.986695
1367.474062,1161.773636
1302.161741,1267.153610
1257.993498,1254.902552
1215.512718,1228.340333
1259.151849,1269.221041
1329.696917,1265.560298
1343.213352,1226.201836
1273.047511,1276.994162
1281.193202,1285.752309
1314.507685,1300.431013
1340.485267,1307.807115
1357.303455,1213.533607
1251.424164,1284.977133
1326.845549,1146.348031
1334.890907,1321.844340
1270.957179,1290.618825
1437.166912,1319.204747
1412.783871,1360.133320
151.007357,152.385057
53.637596,61.709788
33.373553,34.306683
-63.309999,-70.339038
112.222372,107.531981
129.957716,131.081575
99.250314,98.590476
34.082994,48.613445
147.217574,141.625232
139.283940,144.231809
194.714480,195.918753
177.788986,175.602131
46.036787,57.295374
242.533405,240.424330
10.161403,-4.180969
208.856432,207.955223
164.804004,165.761943
223.055397,222.174399
192.125662,196.672569
97.835638,117.574782
277.463289,274.831345
230.388963,222.741739
278.495117,271.161974
254.796235,229.386701
208.473887,204.138681
68.297013,80.977443
193.570106,191.659127
235.867183,199.862550
207.278188,204.036863
228.590367,228.955159
212.338447,208.554903
247.535103,222.085562
291.047095,200.331187
238.698294,230.367803
265.930777,285.519651
291.631828,276.589418
265.799520,263.339967
277.856144,276.981786
311.551566,296.812040
270.521786,259.949204
294.012285,277.305921
254.307607,254.046646
316.198292,280.690409
277.739443,261.853085
298.580309,292.479444
305.238646,298.804964
332.412318,324.614386
344.767179,339.395442
345.893059,342.139405
366.787676,357.424937
326.791906,304.942899
356.285322,339.831725
366.368372,355.217612
322.253652,312.615812
330.911590,328.253978
410.711761,379.791123
391.633932,369.054794
363.602736,352.042505
349.496463,343.151835
383.469691,374.780450
375.684778,368.321047
388.637313,371.562605
398.145364,344.658801
379.237324,365.184676
411.131830,397.610189
399.710839,392.131308
420.285683,373.915334
437.589928,422.801501
467.890680,416.862171
427.915729,421.565838
422.774200,386.016907
443.612200,412.840375
429.222933,432.942644
494.814252,394.222897
485.001834,435.093627
472.098474,450.331409
496.941234,409.521861
482.395644,424.980230
487.015409,426.289407
515.920954,424.327765
476.323229,444.841488
506.273642,430.037168
611.439239,428.370042
572.078825,410.114053
526.970565,471.977674
468.265583,419.483864
496.519318,445.588244
440.301794,429.911725
655.206669,464.490569
700.873754,455.854029
719.894339,418.981948
719.119886,347.515779
739.168493,364.499577
755.220026,453.100939
809.707636,463.485047
763.358325,478.238878
785.482575,415.016618
747.037682,383.163755
770.157276,446.167704
561.610230,435.319463
806.604747,506.969802
624.795957,444.720856
823.022188,490.587713
764.593827,410.269704
736.016260,419.686424
753.174337,438.884649
668.420830,393.829001
820.721137,459.272925
855.313997,371.305123
852.030372,488.510859
861.042560,431.480630
837.992020,496.239113
859.524307,484.462976
836.318674,445.870418
836.954914,426.128242
883.941914,389.433900
914.977739,423.461284
865.299960,491.031818
889.996538,375.534517
902.112708,394.751561
896.223093,420.627958
945.175968,426.617614
929.546274,408.032602
836.552206,432.366328
952.722127,457.443521
746.169342,358.283213
1019.813452,336.762148
864.913255,430.177337
966.552113,313.088456
988.566080,393.360092
954.018827,365.993817
1057.480772,294.225331
1031.716615,446.039692
883.585974,352.631963
904.483124,439.080521
1037.018240,435.387698
1071.286917,304.697460
992.936695,464.794973
1052.020450,340.135824
1020.032992,439.471044
1127.707571,394.405072
981.839253,432.200698
1095.493763,410.502499
1142.530359,353.707751
1105.948633,372.227080
1093.480677,441.770989
1131.494623,324.090977
1094.765185,397.391690
1073.254150,391.484522
1097.155970,446.266081
1148.813397,364.899344
1148.032515,398.105064
1098.500336,389.229523
1094.752065,408.314958
1065.345065,383.686100
1219.670500,383.076686
1206.607123,334.856709
1188.378736,313.119761
1247.730427,330.424189
1215.497453,365.445600
1179.377255,420.603596
1344.251145,387.776975
1247.689744,339.551455
1255.825336,325.453480
1185.473220,436.122099
1244.931659,415.768876
832.692414,390.685097
1231.909526,396.713444
1324.994729,413.508400
1311.799792,373.824438
1447.901350,374.989664
640.111757,392.595768
1271.589420,491.282870
1315.168272,343.205743
1391.367698,380.612632
1301.968412,443.708582
1465.584293,440.969888
1461.729771,398.127732
1473.086183,388.163899
1454.855343,352.466811
1523.262479,295.363828
1463.859694,387.476501
1403.446541,438.506289
1510.437377,382.506889
844.986206,403.490914
1443.693953,395.577987
1558.098663,390.510806
1541.121758,438.471982
1584.820025,414.490561
1629.023646,319.957630
1646.003178,340.809250
1656.560775,432.911396
1721.926371,478.323210
1659.762809,537.182360
1771.803588,399.264514
1813.648937,407.851934
1360.846661,476.433194
1756.095238,429.678836
1714.795669,473.354179
1722.594145,362.530344
83.955426,84.887189
184.474280,106.843872
111.288039,139.292175
115.374340,108.210856
144.061512,142.665628
16.396538,60.792688
196.136518,213.271097
48.661737,172.684875
118.278191,132.282749
105.156771,75.391018
55.101010,133.006160
105.626649,104.433995
118.503309,121.496694
48.172972,27.169290
161.546422,89.584629
137.299934,65.010487
191.732041,217.036221
138.967641,216.043232
202.202291,166.524552
296.159549,172.437994
231.994502,93.615623
189.484198,283.266336
309.101127,252.580516
262.273487,267.238936
345.267252,343.085062
238.457525,196.187436
352.420138,332.264691
365.002365,335.291466
364.227750,367.559533
371.461434,350.552426
347.247452,336.720405
323.375398,319.818679
381.346315,346.044120
325.385450,309.815572
369.572705,368.425840
367.173422,364.231829
360.718548,351.973687
312.221583,316.099688
340.810562,336.602204
341.275751,341.537739
378.352862,368.696474
340.079969,335.429713
360.936047,357.769922
340.865764,340.744845
342.331205,339.028636
338.684794,335.001249
333.655879,305.329767
345.421960,323.398620
330.687515,328.409157
352.588068,351.030494
348.106813,347.936328
330.427655,327.915341
333.772335,335.220382
322.420224,318.851172
315.099629,310.911880
319.515875,320.014625
327.601995,330.726954
343.832382,337.905436
339.166343,340.078852
325.254654,317.443390
341.519378,346.612467
367.401576,354.789915
353.801971,357.059858
363.262219,354.306581
387.112044,322.796655
377.917599,326.937919
424.757382,265.105585
462.013486,276.075760
527.757834,339.963332
427.950558,291.457232
432.664720,387.236466
456.585249,269.122819
406.913067,352.225657
516.738824,346.592835
533.894932,271.560392
563.142075,344.424184
597.614538,376.275096
471.329427,280.723731
477.271650,323.619439
444.633287,331.421452
507.017335,334.577271
425.438813,382.756804
443.082613,350.859096
489.773019,294.146498
502.566776,319.335012
449.702354,331.928682
504.955218,263.071231
536.986441,288.033090
483.941432,338.687248
635.256232,333.987815
545.068610,296.666705
616.556862,288.206605
609.442204,162.276792
624.077468,345.969116
661.124249,251.405940
689.020561,139.468790
710.426909,288.965928
666.417075,214.623030
684.144082,201.976802
698.138513,266.638860
739.730599,238.517904
752.330010,173.827723
796.093397,370.918358
701.937393,227.580624
807.560381,292.115297
794.254520,285.324781
751.347081,163.933343
753.163409,281.897154
861.684656,296.560004
869.678420,273.222056
779.731243,261.108118
765.394791,234.521771
757.057348,298.161579
813.946925,266.913599
717.122172,202.855051
824.081819,311.222635
793.080859,284.667717
823.954378,297.277903
847.201330,350.539155
915.555865,276.980514
805.625830,317.075803
856.539711,239.686033
866.863925,252.603935
925.375972,256.728450
834.972203,316.881789
868.846080,254.370860
906.677276,227.826460
907.565598,244.372722
1023.804677,171.365591
952.256984,178.238497
999.983685,194.832318
998.756887,95.186231
999.573721,101.350635
783.957467,215.170662
972.505849,112.428489
1025.941701,251.171202
946.840978,193.168876
997.860715,142.266618
1009.647328,169.762870
1013.184989,195.767755
971.595072,173.929326
997.697874,144.769078
620.337756,303.893015
1049.140702,138.134011
1093.218922,137.843654
1032.597168,260.702875
582.717531,419.117584
1110.807217,177.414598
1046.567145,161.413083
1125.631856,182.652333
534.116472,-3.145614
1115.719898,294.443805
1076.878335,148.421594
1084.354364,182.071026
1226.384377,200.115393
1135.112764,222.291056
674.524323,323.390433
1112.643589,113.241615
1186.688810,157.561793
1160.701185,195.190127
1157.116458,205.375309
877.065177,233.886787
1262.209319,125.267917
1217.860035,213.553660
1178.502293,209.660520
1160.790320,251.099757
1196.539953,176.591297
1237.773929,222.027554
1172.801531,240.087351
1253.560043,253.112602
1276.219352,206.271629
1193.319435,196.252531
1238.953856,245.722799
1266.906920,234.831807
1207.605119,203.343231
1251.764736,223.381191
1270.365672,175.156281
1290.509133,170.037559
1390.208047,150.961812
1308.183526,189.167022
1376.275737,190.034372
1302.805828,181.999703
1320.653930,242.430543
1075.803310,159.568343
1366.108827,209.782662
1236.327309,217.821589
1413.626081,196.838724
1302.389269,233.975602
1398.710982,203.262107
1297.463551,272.088062
1380.765459,212.883418
1378.584639,291.909416
1384.178232,197.808835
1450.717057,220.750894
1394.944669,259.491717
1453.399192,215.515497
1400.345791,179.550604
1446.810835,172.585741
1452.454954,267.992481
1428.748585,262.243462
