72
0.000000,1.000000;194.257334,-60.214988;-1
0.242536,0.970143;-88.755336,-74.882372;-1
0.554700,0.832050;-33.392342,-40.982654;-1
0.832050,0.554700;84.954709,-15.938025;-1
0.970143,0.242536;143.772284,-11.453341;-1
1.000000,0.000000;427.757566,-329.970621;-1
0.000000,1.000000;1645.715975,2952.530599;0
0.000000,1.000000;2019.508339,4132.422821;6
0.000000,1.000000;2011.286094,4695.846894;7
0.000000,1.000000;1909.839892,5359.005138;8
0.000000,1.000000;1821.576602,5518.456120;9
0.242536,0.970143;454.442788,1197.044522;1
0.242536,0.970143;402.779015,1431.216047;11
0.242536,0.970143;450.880732,1452.164395;12
0.242536,0.970143;422.267989,1483.416989;13
0.242536,0.970143;415.734180,1556.476951;14
0.554700,0.832050;2201.339828,2017.184416;2
0.554700,0.832050;2787.607284,3165.116928;16
0.554700,0.832050;2974.033563,3557.844125;17
0.554700,0.832050;3240.858614,3764.173781;18
0.554700,0.832050;3094.418164,3852.045359;19
0.832050,0.554700;2100.317789,2140.988943;3
0.832050,0.554700;2736.224030,3105.567538;21
0.832050,0.554700;3083.919676,3338.822452;22
0.832050,0.554700;3119.079709,3553.576267;23
0.832050,0.554700;3324.098613,3662.787856;24
0.970143,0.242536;2503.170239,1181.092716;4
0.970143,0.242536;3070.248684,3013.334738;26
0.970143,0.242536;3255.900397,3083.581671;27
0.970143,0.242536;3527.346931,3138.327042;28
0.970143,0.242536;3649.473607,3197.890768;29
1.000000,0.000000;993.493233,-199.900004;5
1.000000,0.000000;1636.698423,-38.841871;31
1.000000,0.000000;1676.525348,-132.631779;32
1.000000,0.000000;1646.343231,-198.448375;33
1.000000,0.000000;1713.799725,-196.090316;34
0.707107,0.707107;2167.573111,5255.136142;10
0.718900,0.695113;3623.419671,3524.645172;30
0.707107,0.707107;2355.189883,4968.738024;8
0.064359,0.997927;2984.384988,4006.713399;20
0.707107,0.707107;2419.003711,4635.120554;7
0.707107,0.707107;2355.099972,5069.792254;9
0.000000,1.000000;1696.102997,5595.772345;41
0.970143,0.242536;2833.914378,4274.353989;40
0.000000,1.000000;1696.102997,5595.772345;41
1.000000,-0.000000;2841.462770,3980.062973;38
0.064359,0.997927;2819.090624,4146.490335;39
0.707107,0.707107;2476.883523,5150.005561;36
0.970143,0.242536;2684.775320,4748.647027;42
0.000000,1.000000;2133.810729,4823.428449;43
0.866025,0.500000;2575.440150,4570.133510;40
0.258819,0.965926;1865.079388,5559.714099;47
0.718900,0.695113;2590.710248,4740.492947;43
0.874313,0.485363;3824.915871,3531.548977;37
0.970143,0.242536;3833.560518,3539.747985;53
0.000000,1.000000;1517.362658,5494.937939;36
0.514496,0.857493;3736.391190,3825.117185;53
0.866025,0.500000;2533.362482,5272.499015;51
0.970143,0.242536;2923.571869,4366.781885;48
0.500000,0.866025;2185.807395,5461.797601;36
0.016820,0.999859;1658.454170,5513.617117;59
0.000000,1.000000;1805.906160,5282.524955;58
0.500000,0.866025;1996.660267,5397.758932;59
0.514496,0.857493;3683.804784,3855.926590;56
1.000000,-0.000000;2817.725138,4668.693321;57
0.258819,0.965926;1747.392174,5509.692794;57
0.275029,0.961436;1963.685664,5597.813170;60
0.000000,1.000000;1688.246599,5529.931965;61
0.016820,0.999859;3579.229122,3982.407793;63
0.866025,0.500000;2594.104418,5095.578795;59
0.874313,0.485363;2780.012830,4654.929010;58
0.970143,0.242536;3895.274894,3743.443806;63
51
15
55
14
42
44
65
13
51
10
66
9
62
11
59
36
8
49
41
57
47
69
40
52
48
50
64
70
58
43
46
45
39
20
18
19
24
68
25
23
63
56
21
37
27
71
28
54
53
29
30
26
