-100.000000,194.521820
-100.000000,194.862506
-100.000000,195.119132
-100.000000,195.321692
-100.000000,195.088764
-100.000000,194.914903
-100.000000,194.642027
-100.000000,194.253973
-100.000000,193.895013
-100.000000,193.772698
-100.000000,194.120624
-100.000000,194.333757
-100.000000,194.611251
-100.000000,194.591977
-100.000000,194.913844
-100.000000,195.166682
-100.000000,195.304571
-100.000000,195.190866
-100.000000,195.372301
-100.000000,195.607333
-100.000000,197.003910
-100.000000,197.151171
-100.000000,197.247446
-100.000000,197.236608
-100.000000,197.323593
-100.000000,197.216507
-100.000000,197.226365
-100.000000,197.078231
-100.000000,196.928354
-100.000000,196.803292
-100.000000,196.985363
-100.000000,197.025218
-100.000000,197.140036
-100.000000,197.165591
-100.000000,197.301764
-100.000000,197.369952
-100.000000,197.396399
-100.000000,197.383460
-100.000000,197.430334
-100.000000,197.414235
-100.000000,197.308788
-100.000000,197.513990
-100.000000,197.656134
-100.000000,197.674053
-100.000000,197.648915
-100.000000,197.504094
-100.000000,197.421137
-100.000000,197.248478
-100.000000,197.004258
-100.000000,196.781268
-100.000000,196.972491
-100.000000,197.035891
-100.000000,197.217321
-100.000000,197.253463
-100.000000,197.488795
-100.000000,197.468719
-100.000000,197.443309
-100.000000,197.462567
-100.000000,197.486380
-100.000000,197.549377
67.000000,47.700757
67.000000,47.698207
67.000000,47.694777
67.000000,47.707899
67.000000,47.714951
67.000000,47.724248
67.000000,47.735776
67.000000,47.747085
67.000000,47.742531
67.000000,47.745746
67.000000,47.751425
67.000000,47.746161
67.000000,47.751213
67.000000,47.767754
67.000000,47.778037
67.000000,47.776895
67.000000,47.772429
67.000000,47.763601
67.000000,47.765212
67.000000,47.763639
67.500000,44.839966
67.500000,44.848052
67.500000,44.843366
67.500000,44.845100
67.500000,44.845384
67.500000,44.842286
67.500000,44.841643
67.500000,44.840042
67.500000,44.840951
67.500000,44.837306
67.500000,44.837161
67.500000,44.836174
67.500000,44.840366
67.500000,44.842595
67.500000,44.847602
67.500000,44.851559
67.500000,44.853915
67.500000,44.861066
67.500000,44.856452
67.500000,44.857273
66.500000,46.626291
66.500000,46.630278
66.500000,46.633723
66.500000,46.617743
66.500000,46.607012
66.500000,46.604022
66.500000,46.581842
66.500000,46.588026
66.500000,46.574638
66.500000,46.587769
66.500000,46.581595
66.500000,46.594743
66.500000,46.595210
66.500000,46.581055
66.500000,46.585251
66.500000,46.586068
66.500000,46.585174
66.500000,46.584905
66.500000,46.593376
66.500000,46.596159
