-100.000000,173.994543
-100.000000,167.642769
-100.000000,161.464519
-100.000000,158.717268
-100.000000,168.585580
-100.000000,180.414628
-100.000000,189.698724
-100.000000,194.433503
-100.000000,195.792316
-100.000000,196.014012
-100.000000,196.317090
-100.000000,196.716518
-100.000000,196.948218
-100.000000,197.149404
-100.000000,196.607437
-100.000000,195.393092
-100.000000,193.457541
-100.000000,191.070497
-100.000000,187.266650
-100.000000,182.674068
53.000000,70.094022
51.500000,73.311391
20.000000,84.667816
23.000000,88.380010
25.500000,90.431027
26.000000,91.615446
27.000000,94.519729
27.000000,98.336833
26.000000,102.780201
26.500000,105.414177
25.500000,111.215918
0.500000,119.829898
1.500000,126.902056
-100.000000,141.407621
-100.000000,148.455965
-100.000000,152.475587
-100.000000,153.768565
-100.000000,154.998082
-100.000000,155.753534
-100.000000,157.555474
51.000000,60.542064
50.500000,61.964587
50.000000,63.795188
48.000000,66.309352
48.500000,68.359403
49.000000,70.401549
49.000000,72.075410
49.000000,75.075622
48.500000,77.927388
46.500000,82.944540
9.000000,109.099827
14.000000,110.399179
15.500000,114.059707
15.500000,117.777783
13.000000,121.322273
15.000000,123.085596
15.000000,126.467885
-100.000000,144.565872
-100.000000,147.542235
-100.000000,152.762107
59.500000,56.763244
60.000000,56.437563
59.500000,56.609748
60.000000,56.446627
60.500000,56.035499
60.000000,56.224770
60.500000,55.906411
60.500000,55.774844
61.000000,55.355163
61.000000,55.299424
61.000000,55.340439
61.500000,54.763145
61.000000,54.887209
61.000000,54.762926
61.500000,54.259960
61.500000,54.107024
61.500000,54.020034
61.500000,53.838469
62.000000,53.491042
62.000000,53.338909
55.000000,59.464577
55.000000,59.913988
55.500000,60.034330
55.500000,60.433798
55.500000,60.944874
56.000000,61.123839
56.000000,61.428445
56.000000,61.998694
56.000000,62.487788
56.000000,63.123007
56.000000,63.676714
56.000000,64.214119
56.000000,64.677921
56.000000,65.502330
55.500000,66.807823
55.000000,68.393139
54.500000,70.402357
19.000000,91.738653
27.500000,94.255252
29.000000,97.732451
25.000000,85.933657
20.500000,82.193136
53.000000,70.764354
54.000000,68.131933
54.500000,66.282257
54.500000,65.771710
54.500000,65.062950
54.500000,64.539084
54.500000,64.125559
54.500000,63.739948
54.500000,63.369897
54.500000,63.054159
54.500000,62.597592
54.500000,62.249004
54.500000,62.131902
54.500000,61.894107
54.500000,61.753506
54.500000,61.602358
54.500000,61.440877
54.500000,61.124532
