-100.000000,195.769310
-100.000000,195.652115
-100.000000,195.627872
-100.000000,195.813249
-100.000000,196.040679
-100.000000,195.954090
-100.000000,196.212078
-100.000000,196.211474
-100.000000,196.026325
-100.000000,196.057282
-100.000000,195.893093
-100.000000,195.877023
-100.000000,195.664228
-100.000000,195.440754
-100.000000,195.157333
-100.000000,194.975935
-100.000000,194.694032
-100.000000,194.452424
-100.000000,194.916895
-100.000000,195.125850
-100.000000,197.548454
-100.000000,197.367508
-100.000000,197.389731
-100.000000,197.451117
-100.000000,197.346684
-100.000000,197.216983
-100.000000,197.271101
-100.000000,197.064075
-100.000000,197.006537
-100.000000,196.851078
-100.000000,196.633998
-100.000000,196.550321
-100.000000,196.341594
-100.000000,196.262252
-100.000000,196.388884
-100.000000,196.510200
-100.000000,196.664099
-100.000000,196.689200
-100.000000,196.878719
-100.000000,197.043419
-100.000000,197.992419
-100.000000,197.815646
-100.000000,197.720977
-100.000000,197.738846
-100.000000,197.775131
-100.000000,197.557897
-100.000000,197.465644
-100.000000,197.190080
-100.000000,197.069554
-100.000000,196.823812
-100.000000,196.600721
-100.000000,196.555687
-100.000000,196.329682
-100.000000,196.244719
-100.000000,196.017102
-100.000000,195.870532
-100.000000,195.875934
-100.000000,195.686248
-100.000000,196.054255
-100.000000,196.205922
67.500000,46.788329
67.500000,46.793106
67.500000,46.783439
67.500000,46.780828
67.500000,46.797247
67.500000,46.796192
67.500000,46.771329
67.500000,46.785577
67.500000,46.800139
67.500000,46.795376
67.500000,46.822716
67.500000,46.815031
67.500000,46.811328
67.500000,46.818202
67.500000,46.804549
67.500000,46.797571
67.500000,46.796392
67.500000,46.785114
67.500000,46.753050
67.500000,46.744523
67.500000,44.663197
67.500000,44.663819
67.500000,44.666274
67.500000,44.663452
67.500000,44.666240
67.500000,44.667269
67.500000,44.666570
67.500000,44.665666
67.500000,44.663797
67.500000,44.664212
67.500000,44.666018
67.500000,44.669246
67.500000,44.668912
67.500000,44.665753
67.500000,44.666656
67.500000,44.665808
67.500000,44.666906
67.500000,44.685498
67.500000,44.671825
67.500000,44.670980
56.000000,52.303135
56.000000,52.365882
56.000000,52.356880
56.000000,52.350805
56.000000,52.401329
56.000000,52.421359
56.000000,52.399100
56.000000,52.379047
56.000000,52.424907
56.000000,52.461379
56.000000,52.430266
56.000000,52.500254
56.000000,52.453286
56.000000,52.498213
56.000000,52.591423
56.000000,52.687698
56.000000,52.836936
56.000000,52.934212
56.000000,52.987900
56.000000,53.042532
