-100.000000,196.278109
-100.000000,196.462239
-100.000000,196.504160
-100.000000,196.365017
-100.000000,196.345145
-100.000000,196.266019
-100.000000,196.144399
-100.000000,196.056445
-100.000000,196.047301
-100.000000,196.200383
-100.000000,196.309388
-100.000000,196.472398
-100.000000,196.376368
-100.000000,196.352684
-100.000000,196.564977
-100.000000,196.630793
-100.000000,196.479720
-100.000000,196.620378
-100.000000,196.631843
-100.000000,196.590623
-100.000000,198.202810
-100.000000,198.260732
-100.000000,198.214033
-100.000000,198.088577
-100.000000,198.043778
-100.000000,197.993134
-100.000000,197.960269
-100.000000,197.885088
-100.000000,197.730507
-100.000000,197.725815
-100.000000,197.787461
-100.000000,197.849238
-100.000000,197.700179
-100.000000,197.678517
-100.000000,197.777740
-100.000000,197.687652
-100.000000,197.559067
-100.000000,197.617109
-100.000000,197.587349
-100.000000,197.605793
-100.000000,197.718280
-100.000000,197.873382
-100.000000,197.866468
-100.000000,197.729265
-100.000000,197.673744
-100.000000,197.601326
-100.000000,197.528375
-100.000000,197.397191
-100.000000,197.136358
-100.000000,197.141301
-100.000000,197.234493
-100.000000,197.215727
-100.000000,196.987931
-100.000000,196.927210
-100.000000,197.224387
-100.000000,197.333247
-100.000000,197.139306
-100.000000,197.005458
-100.000000,196.874313
-100.000000,196.704965
67.500000,45.684638
67.500000,45.680105
67.500000,45.685920
67.500000,45.677705
67.500000,45.676674
67.500000,45.673037
67.500000,45.680529
67.500000,45.682997
67.500000,45.683908
67.500000,45.682667
67.500000,45.684339
67.500000,45.685618
67.500000,45.689057
67.500000,45.694251
67.500000,45.689587
67.500000,45.676878
67.500000,45.669266
67.500000,45.655884
67.500000,45.654118
67.500000,45.648660
67.500000,44.643787
67.500000,44.643921
67.500000,44.643794
67.500000,44.642738
67.500000,44.642957
67.500000,44.642597
67.500000,44.642491
67.500000,44.643378
67.500000,44.643706
67.500000,44.644799
67.500000,44.645130
67.500000,44.645796
67.500000,44.646138
67.500000,44.645824
67.500000,44.645124
67.500000,44.644476
67.500000,44.644246
67.500000,44.645167
67.500000,44.643493
67.500000,44.643260
66.500000,46.694547
66.500000,46.681013
66.500000,46.665760
66.500000,46.674056
66.500000,46.657842
66.500000,46.653253
66.500000,46.654849
66.500000,46.654734
66.500000,46.654375
66.500000,46.669467
66.500000,46.653618
66.500000,46.665391
66.500000,46.662267
66.500000,46.664061
66.500000,46.657227
66.500000,46.665156
66.500000,46.667016
66.500000,46.647103
66.500000,46.634572
66.500000,46.632153
