30
0.000000,1.000000;-1.756184,50.979721;-1
0.242536,0.970143;-1.340583,90.515554;-1
0.554700,0.832050;16.038946,146.637974;-1
0.832050,0.554700;0.605860,24.619195;-1
0.970143,0.242536;2.993652,146.895882;-1
1.000000,0.000000;166.398310,310.451913;-1
0.000000,1.000000;480.306020,1969.457695;0
0.000000,1.000000;510.045713,2424.386534;6
0.000000,1.000000;526.168004,2477.358247;7
0.000000,1.000000;529.636963,2481.049055;8
0.242536,0.970143;443.023903,1257.930179;1
0.242536,0.970143;509.471308,2431.073478;10
0.242536,0.970143;501.749479,2482.373737;11
0.242536,0.970143;503.512597,2490.600478;12
0.554700,0.832050;363.250025,779.273067;2
0.554700,0.832050;505.190845,2021.247350;14
0.554700,0.832050;500.730761,2447.654979;15
0.554700,0.832050;504.222863,2466.664045;16
0.832050,0.554700;357.371723,736.215229;3
0.832050,0.554700;516.484587,2192.159074;18
0.832050,0.554700;520.402924,2433.631324;19
0.832050,0.554700;519.656489,2460.600091;20
0.970143,0.242536;265.036497,557.547866;4
0.970143,0.242536;500.669874,1995.896094;22
0.970143,0.242536;604.672007,2109.664333;23
0.970143,0.242536;697.139342,2139.488232;24
1.000000,0.000000;313.273449,585.842572;5
1.000000,0.000000;526.708570,734.322711;26
1.000000,0.000000;910.246913,1068.105085;27
1.000000,0.000000;1298.571453,1086.224420;28
17
13
12
9
8
19
15
23
24
25
10
14
18
22
26
27
28
29
