132
0.000000,1.000000;0.000000,150.000000;-1
0.242536,0.970143;0.000000,150.000000;-1
0.554700,0.832050;0.000000,150.000000;-1
0.832050,0.554700;0.000000,150.000000;-1
0.970143,0.242536;0.000000,150.000000;-1
1.000000,0.000000;0.000000,150.000000;-1
0.000000,1.000000;-13.388509,132.989568;0
0.000000,1.000000;-10.807772,149.802102;6
0.000000,1.000000;-7.168229,149.789817;7
0.000000,1.000000;-7.074272,149.853621;8
0.242536,0.970143;35.379217,148.087099;1
0.242536,0.970143;44.896848,147.446975;10
0.242536,0.970143;46.315123,148.582097;11
0.242536,0.970143;44.223670,148.342978;12
0.554700,0.832050;21.441200,79.039308;2
0.554700,0.832050;39.250031,129.674636;14
0.554700,0.832050;45.041443,144.886593;15
0.554700,0.832050;45.474376,148.541685;16
0.832050,0.554700;29.262374,111.563411;3
0.832050,0.554700;43.096738,140.440407;18
0.832050,0.554700;45.152257,147.298327;19
0.832050,0.554700;47.812456,147.924045;20
0.970143,0.242536;42.097703,97.238478;4
0.970143,0.242536;44.546499,101.596636;22
0.970143,0.242536;40.860237,119.436733;23
0.970143,0.242536;46.498680,139.741868;24
1.000000,0.000000;24.241048,68.801044;5
1.000000,0.000000;39.784273,100.601516;26
1.000000,0.000000;60.757709,71.081842;27
1.000000,0.000000;87.962102,60.263256;28
0.707107,0.707107;128.441938,118.585776;29
1.000000,0.000000;115.564860,59.253185;29
0.707107,0.707107;63.186253,133.139734;28
0.965926,0.258819;122.271034,76.932881;29
0.695113,0.718900;45.802170,148.039414;13
0.866025,0.500000;125.924203,102.727677;29
0.258819,0.965926;84.470470,144.340551;35
0.707107,0.707107;-6.428383,149.862540;9
0.500000,0.866025;-7.393999,149.872164;9
0.258819,0.965926;-7.522141,149.878372;9
0.000000,1.000000;-7.988190,149.876993;9
0.707107,0.707107;-1.657044,149.787891;8
0.866025,0.500000;207.728245,79.540012;30
0.707107,0.707107;203.889577,91.790532;30
1.000000,-0.000000;17.580630,143.117400;41
0.965926,0.258819;16.830050,145.365678;41
0.866025,0.500000;12.855921,147.223159;41
0.707107,0.707107;7.373430,149.160605;41
0.500000,0.866025;193.288328,110.046422;43
0.707107,0.707107;218.858035,86.898314;43
0.500000,0.866025;22.348367,148.063414;45
0.000000,1.000000;38.867143,149.539161;30
0.500000,0.866025;193.784833,106.418475;42
0.500000,0.866025;181.351036,113.000453;35
1.000000,-0.000000;246.283187,49.290923;49
1.000000,-0.000000;240.823871,56.004031;43
0.500000,0.866025;182.229138,116.084603;30
0.258819,0.965926;147.261297,132.274397;48
0.965926,0.258819;35.043116,146.597140;50
0.707107,0.707107;212.339365,93.347793;49
0.866025,0.500000;248.701272,51.274035;54
0.258819,0.965926;124.615720,139.233301;57
0.000000,1.000000;70.265613,145.829576;57
0.707107,0.707107;240.378263,63.654306;54
0.707107,0.707107;186.102317,117.516779;57
0.258819,0.965926;138.726306,136.615756;56
1.000000,-0.000000;256.296796,32.529298;54
0.258819,0.965926;116.269233,140.477620;61
0.000000,1.000000;59.602878,147.496292;61
0.000000,1.000000;207.954497,99.748512;63
0.500000,0.866025;181.204392,118.877856;64
0.500000,0.866025;225.117945,78.963725;60
0.965926,0.258819;206.141394,99.863244;70
0.000000,1.000000;124.472929,139.325755;48
0.866025,0.500000;203.720942,102.152348;70
0.258819,0.965926;197.471437,104.505815;71
0.500000,0.866025;167.646539,128.259700;65
0.707107,0.707107;196.219428,109.122521;70
0.000000,1.000000;150.632484,134.689800;70
0.965926,0.258819;253.816108,32.948743;66
0.258819,0.965926;137.821005,137.950613;76
0.707107,0.707107;219.349532,90.335109;69
0.000000,1.000000;132.067732,136.892883;64
0.500000,0.866025;199.408043,107.682395;69
0.707107,0.707107;31.223305,147.693768;50
1.000000,-0.000000;256.301111,27.409598;66
0.000000,1.000000;93.543516,144.986460;76
0.866025,0.500000;179.040735,108.325604;36
0.000000,1.000000;73.667893,147.340656;80
0.866025,0.500000;247.371203,50.599986;60
0.000000,1.000000;-2.799280,149.738626;50
0.000000,1.000000;37.554267,149.734689;36
0.500000,0.866025;204.587731,104.942988;81
0.258819,0.965926;194.600808,111.952567;81
0.258819,0.965926;140.352091,138.576387;80
0.707107,0.707107;168.774916,126.482130;78
0.500000,0.866025;127.488500,140.874257;88
0.707107,0.707107;136.265038,139.233225;88
0.707107,0.707107;220.372272,90.817587;59
0.866025,0.500000;234.491070,71.966982;59
1.000000,-0.000000;240.304253,58.441579;59
0.500000,0.866025;163.805680,125.758363;36
0.000000,1.000000;160.686845,123.278882;69
0.965926,0.258819;245.900636,50.497158;99
0.866025,0.500000;242.380536,60.936010;99
1.000000,-0.000000;248.723802,44.902318;99
0.707107,0.707107;232.674830,76.573856;99
0.258819,0.965926;175.088878,118.813837;69
0.707107,0.707107;225.616747,81.254755;71
0.000000,1.000000;28.943279,149.755211;51
0.500000,0.866025;207.003195,97.735152;71
0.000000,1.000000;84.648177,146.351649;97
0.707107,0.707107;229.214856,79.371702;106
0.866025,0.500000;232.084314,72.051582;98
0.707107,0.707107;41.415625,148.340873;109
0.000000,1.000000;67.767640,147.128523;96
1.000000,-0.000000;243.289026,57.209254;108
0.258819,0.965926;205.468075,104.146134;99
0.000000,1.000000;30.150660,149.742495;86
0.000000,1.000000;98.377899,143.119959;78
0.000000,1.000000;40.517682,148.707589;111
0.866025,0.500000;247.527593,48.151375;105
0.707107,0.707107;138.223986,135.984871;119
0.500000,0.866025;139.675657,137.376431;119
0.707107,0.707107;59.822032,143.647400;51
0.500000,0.866025;159.911692,130.255929;94
0.000000,1.000000;30.515731,148.771425;68
0.500000,0.866025;150.772393,133.139360;67
0.707107,0.707107;250.367152,43.408131;66
0.258819,0.965926;129.330422,140.301187;86
0.258819,0.965926;31.668577,149.509777;51
0.707107,0.707107;202.805001,104.397242;93
100
41
90
37
40
39
7
46
6
45
44
50
118
109
130
84
10
58
91
51
120
114
17
13
12
21
25
24
26
27
68
124
23
22
115
62
32
88
111
36
86
119
67
28
96
61
129
82
80
97
94
123
30
78
127
125
35
76
101
95
29
107
70
56
64
53
87
93
77
48
83
52
92
131
117
74
69
72
59
43
98
81
42
108
112
71
106
113
99
63
104
100
116
55
60
89
105
128
66
79
85
