60
0.000000,1.000000;-100.000000,193.000806;-1
0.242536,0.970143;-100.000000,195.545048;-1
0.554700,0.832050;-100.000000,198.537985;-1
0.832050,0.554700;-100.000000,198.419399;-1
0.970143,0.242536;-100.000000,199.833015;-1
1.000000,0.000000;-100.000000,197.357311;-1
0.000000,1.000000;-100.000000,179.077429;0
0.000000,1.000000;-100.000000,180.552383;6
0.000000,1.000000;-100.000000,197.333774;7
0.000000,1.000000;-100.000000,197.599860;8
0.242536,0.970143;-100.000000,134.424295;1
0.242536,0.970143;-100.000000,155.242561;10
0.242536,0.970143;-100.000000,179.876727;11
0.242536,0.970143;-100.000000,185.038473;12
0.554700,0.832050;-100.000000,180.743307;2
0.554700,0.832050;-100.000000,183.869955;14
0.554700,0.832050;-100.000000,188.899223;15
0.554700,0.832050;-100.000000,197.361951;16
0.832050,0.554700;62.000000,50.683536;3
0.832050,0.554700;66.000000,47.104732;18
0.832050,0.554700;67.500000,45.829495;19
0.832050,0.554700;67.500000,46.727431;20
0.970143,0.242536;62.500000,56.362083;4
0.970143,0.242536;63.500000,49.216013;22
0.970143,0.242536;65.000000,47.605075;23
0.970143,0.242536;66.500000,45.866685;24
1.000000,0.000000;34.000000,68.029211;5
1.000000,0.000000;43.000000,61.601167;26
1.000000,0.000000;50.000000,54.154658;27
1.000000,0.000000;54.000000,52.794712;28
0.007604,0.999971;-100.000000,197.648941;9
0.253359,0.967372;-100.000000,196.921189;13
0.566752,0.823889;-100.000000,198.059781;17
0.839990,0.542602;67.500000,46.962925;21
0.972757,0.231825;67.500000,44.921808;25
1.000000,0.000000;55.000000,52.402737;29
0.015324,0.999883;-100.000000,198.351774;30
0.264294,0.964442;-100.000000,198.734806;31
0.578747,0.815507;-100.000000,197.829230;32
0.847706,0.530466;67.500000,46.942985;33
0.975221,0.221231;67.500000,44.799361;34
1.000000,0.000000;55.500000,52.126164;35
0.023160,0.999732;-100.000000,198.375471;36
0.275337,0.961348;-100.000000,198.791386;37
0.590678,0.806908;-100.000000,197.329256;38
0.855198,0.518302;67.500000,46.981978;39
0.977539,0.210754;67.500000,44.812292;40
1.000000,0.000000;56.000000,51.622703;41
0.031113,0.999516;-100.000000,197.594505;42
0.286486,0.958084;-100.000000,196.213530;43
0.602534,0.798093;-100.000000,197.383907;44
0.862465,0.506117;67.500000,46.898916;45
0.979715,0.200396;67.500000,44.756591;46
1.000000,0.000000;56.000000,51.317610;47
0.039186,0.999232;-100.000000,197.892579;48
0.297737,0.954648;-100.000000,197.401315;49
0.614307,0.789067;-100.000000,197.618784;50
0.869507,0.493921;67.500000,46.809911;51
0.981753,0.190159;67.500000,44.698572;52
1.000000,0.000000;56.000000,51.467408;53
26
43
37
49
16
13
15
14
7
11
27
10
28
29
41
35
47
59
22
18
23
24
19
45
33
20
34
