150
0.000000,1.000000;0.000000,150.000000;-1
0.242536,0.970143;0.000000,150.000000;-1
0.554700,0.832050;0.000000,150.000000;-1
0.832050,0.554700;0.000000,150.000000;-1
0.970143,0.242536;0.000000,150.000000;-1
1.000000,0.000000;0.000000,150.000000;-1
0.000000,1.000000;-13.388509,132.989568;0
0.000000,1.000000;-10.807772,149.802102;6
0.000000,1.000000;-7.168229,149.789817;7
0.000000,1.000000;-7.074272,149.853621;8
0.242536,0.970143;35.379217,148.087099;1
0.242536,0.970143;44.896848,147.446975;10
0.242536,0.970143;46.315123,148.582097;11
0.242536,0.970143;44.223670,148.342978;12
0.554700,0.832050;21.441200,79.039308;2
0.554700,0.832050;39.250031,129.674636;14
0.554700,0.832050;45.041443,144.886593;15
0.554700,0.832050;45.474376,148.541685;16
0.832050,0.554700;29.262374,111.563411;3
0.832050,0.554700;43.096738,140.440407;18
0.832050,0.554700;45.152257,147.298327;19
0.832050,0.554700;47.812456,147.924045;20
0.970143,0.242536;42.097703,97.238478;4
0.970143,0.242536;44.546499,101.596636;22
0.970143,0.242536;40.860237,119.436733;23
0.970143,0.242536;46.498680,139.741868;24
1.000000,0.000000;24.241048,68.801044;5
1.000000,0.000000;39.784273,100.601516;26
1.000000,0.000000;60.757709,71.081842;27
1.000000,0.000000;87.962102,60.263256;28
0.707107,0.707107;128.441938,118.585776;29
1.000000,0.000000;115.564860,59.253185;29
0.707107,0.707107;63.186253,133.139734;28
0.965926,0.258819;122.271034,76.932881;29
0.695113,0.718900;45.802170,148.039414;13
0.866025,0.500000;125.924203,102.727677;29
0.258819,0.965926;84.470470,144.340551;35
0.857493,0.514496;50.669808,140.784283;10
0.695113,0.718900;39.503136,147.212072;10
0.485363,0.874313;46.680551,146.396636;10
0.997927,0.064359;45.790740,86.849412;18
0.947266,0.320449;45.528791,126.114651;18
0.866025,0.500000;207.728245,79.540012;30
0.707107,0.707107;203.889577,91.790532;30
0.999859,0.016820;127.157061,111.369164;38
0.961436,0.275029;123.464569,116.748989;38
0.857493,0.514496;121.035362,119.591567;38
0.695113,0.718900;116.159540,127.384984;38
0.500000,0.866025;193.288328,110.046422;43
0.242536,0.970143;51.484846,147.756768;47
0.707107,0.707107;218.858035,86.898314;43
0.500000,0.866025;193.784833,106.418475;42
0.500000,0.866025;181.351036,113.000453;35
0.258819,0.965926;61.603478,147.577507;30
1.000000,-0.000000;246.283187,49.290923;50
0.000000,1.000000;102.355843,141.171462;48
1.000000,-0.000000;241.997669,49.214996;42
0.258819,0.965926;147.261297,132.274397;48
0.500000,0.866025;182.564951,119.462812;48
0.707107,0.707107;212.339365,93.347793;50
0.866025,0.500000;248.701272,51.274035;54
0.258819,0.965926;124.615720,139.233301;57
0.500000,0.866025;165.449893,127.995339;55
0.500000,0.866025;170.901401,126.707393;57
0.707107,0.707107;240.539856,62.248228;56
0.000000,1.000000;70.265613,145.829576;57
0.965926,0.258819;202.042048,107.168167;63
0.258819,0.965926;116.269233,140.477620;61
0.000000,1.000000;182.393999,109.249464;64
0.866025,0.500000;198.966425,108.541226;63
0.000000,1.000000;59.602878,147.496292;61
0.500000,0.866025;155.281577,131.912506;61
1.000000,-0.000000;220.505711,86.378168;66
0.258819,0.965926;125.626803,140.320085;55
0.866025,0.500000;218.108354,92.181242;66
0.707107,0.707107;207.140455,99.914364;66
0.965926,0.258819;221.650206,88.244758;69
0.000000,1.000000;123.980066,138.961647;58
0.000000,1.000000;188.171601,116.418451;75
0.965926,0.258819;250.123555,41.288364;60
0.258819,0.965926;192.430351,114.215923;75
0.500000,0.866025;229.163999,79.969763;60
0.707107,0.707107;242.040355,61.875145;60
0.500000,0.866025;216.721654,88.024932;64
0.660132,0.751150;45.499846,144.105954;40
0.258819,0.965926;216.502799,87.588458;60
0.866025,0.500000;252.810274,43.275404;79
0.242536,0.970143;45.345016,148.664680;38
0.000000,1.000000;42.112692,149.038877;30
0.500000,0.866025;209.239791,99.998397;81
0.514496,0.857493;46.535735,148.527195;23
0.866025,0.500000;250.045518,45.757540;86
0.000000,1.000000;117.543408,140.993778;63
0.500000,0.866025;205.880636,102.359687;74
0.707107,0.707107;246.750324,52.779448;86
0.500000,0.866025;171.862558,125.927203;62
0.000000,1.000000;36.757829,148.614707;55
0.000000,1.000000;39.345597,149.724623;36
0.866025,0.500000;228.628796,79.209691;74
0.965926,0.258819;227.526144,76.785279;74
0.258819,0.965926;53.053051,148.818488;36
0.707107,0.707107;220.372272,90.817587;59
1.000000,-0.000000;240.081255,60.706369;99
0.000000,1.000000;193.095564,107.401917;81
0.258819,0.965926;157.550788,127.349185;42
0.000000,1.000000;13.768656,149.903280;65
0.965926,0.258819;241.618714,56.970689;81
0.707107,0.707107;218.620559,92.948384;74
0.258819,0.965926;16.833167,149.881997;105
0.707107,0.707107;129.715124,137.228248;65
0.500000,0.866025;22.827747,149.852083;105
0.000000,1.000000;167.890492,126.890821;80
0.500000,0.866025;188.132940,115.634370;80
0.258819,0.965926;95.506567,144.715295;70
0.866025,0.500000;34.383767,149.570761;110
0.965926,0.258819;204.756102,103.039434;112
0.707107,0.707107;195.805144,108.937325;78
0.965926,0.258819;35.256150,149.334462;110
0.258819,0.965926;114.441086,142.164586;113
0.258819,0.965926;53.033401,148.239896;97
0.000000,1.000000;39.895600,148.480060;113
0.258819,0.965926;115.924748,141.385933;118
0.000000,1.000000;54.488217,147.620084;118
0.258819,0.965926;147.072132,136.152637;63
0.707107,0.707107;214.601316,94.730431;89
0.258819,0.965926;140.609299,136.880577;62
0.866025,0.500000;177.676605,122.736751;125
0.000000,1.000000;86.065613,145.744810;125
0.258819,0.965926;131.059872,138.921525;123
0.500000,0.866025;161.523820,129.697320;123
0.707107,0.707107;173.868987,123.762952;125
0.000000,1.000000;93.881382,144.525578;123
0.000000,1.000000;16.167512,149.897863;127
0.258819,0.965926;114.822111,142.611704;127
0.707107,0.707107;179.943575,120.407993;71
0.866025,0.500000;177.814441,123.848312;123
0.707107,0.707107;239.807775,63.982946;54
0.500000,0.866025;138.487490,138.634282;127
0.000000,1.000000;86.627978,145.999577;137
1.000000,-0.000000;197.333810,107.253872;135
0.000000,1.000000;36.312999,149.751527;53
0.000000,1.000000;182.196943,116.791590;93
0.707107,0.707107;218.983351,92.252777;107
1.000000,-0.000000;253.185435,33.764353;86
0.000000,1.000000;14.842553,149.889220;138
0.258819,0.965926;120.191329,142.611438;138
0.500000,0.866025;197.572498,110.861995;93
0.500000,0.866025;179.030925,121.025851;130
0.258819,0.965926;141.210121,138.482118;137
0.000000,1.000000;127.806876,140.707913;129
104
105
132
144
108
110
114
117
140
96
97
120
88
87
17
90
12
25
24
100
119
122
41
27
70
53
23
22
65
32
40
127
36
138
131
113
55
133
121
145
92
28
149
73
47
128
109
137
148
125
45
123
30
57
44
71
129
104
111
62
95
63
130
135
126
134
147
58
141
78
112
80
68
146
116
66
69
31
93
115
89
75
124
59
142
107
76
101
72
42
81
98
99
64
136
82
102
106
94
60
54
91
86
79
143
