2519.782170,5289.690511
2524.424574,5255.479046
2529.904411,5277.456044
2547.480833,5288.920401
2570.716908,5265.130596
2568.292759,5284.217913
2577.640066,5254.299160
2615.393885,5294.740598
2594.485827,5286.587099
2619.529745,5303.102313
2612.829891,5298.829249
2602.540380,5244.749935
2633.341177,5279.028700
2620.500052,5285.759921
2646.118334,5277.082707
2629.848418,5289.663288
2649.124520,5325.796435
2658.311094,5261.802679
2652.438876,5291.272244
2635.728531,5288.165167
2672.645208,5306.007077
2675.123259,5290.541804
2688.380585,5319.779857
2659.798348,5276.665370
2663.666541,5298.458032
2653.083620,5304.652447
2649.104422,5279.500090
2674.509136,5291.474396
2694.082655,5312.503630
2673.119432,5304.209515
2654.590373,5292.212948
2662.622944,5339.461966
2670.193509,5330.671782
2675.157429,5308.283513
2666.372138,5334.356604
2684.184619,5317.246600
2695.907473,5347.125477
2707.009173,5319.053014
2690.801609,5308.079189
2671.591445,5289.356689
2519.782170,5289.690511
2525.197206,5279.836617
2529.996931,5281.370136
2529.338029,5271.262618
2536.425994,5260.501674
2573.920048,5260.267260
2581.112818,5292.254072
2579.141537,5295.053753
2543.263488,5269.228100
2560.172477,5245.349740
2601.440933,5296.579081
2586.299233,5283.700186
2605.381840,5283.967701
2591.930194,5263.354322
2598.452307,5257.725426
2613.677271,5277.468847
2619.098350,5254.166986
2641.924864,5278.663184
2659.923119,5302.177797
2622.997305,5292.341429
2653.717405,5247.849673
2635.651075,5281.360938
2623.569586,5292.035848
2637.153209,5282.919061
2653.680320,5298.379450
2643.817586,5304.381412
2647.249740,5267.579518
2662.666495,5296.825999
2659.588613,5305.039904
2681.481356,5295.640920
2676.161007,5307.169939
2698.633994,5307.599350
2664.409740,5296.767755
2721.449031,5328.374864
2716.883675,5331.449128
2679.981966,5319.951625
2695.246348,5297.192241
2716.403092,5314.794716
2673.836880,5336.345633
2683.708495,5303.719018
3717.797151,4193.944184
3735.885936,4203.973308
3754.568938,4163.080173
3774.412186,4158.833741
3770.969496,4141.587718
3777.351460,4126.083026
3792.844319,4142.421991
3789.291803,4173.438962
3726.085190,4229.208071
3767.149214,4206.492769
3722.557047,4259.169866
3711.234857,4221.251496
3745.477602,4214.486122
3744.659796,4227.884639
3727.069135,4236.780204
3751.150803,4207.338018
3771.183112,4166.975938
3741.580237,4115.815888
3762.594207,4109.632868
3771.939195,4127.982103
3763.590993,4086.044723
3771.813654,4186.297797
3788.705251,4204.003047
3784.143063,4178.999921
3789.860215,4179.237987
3760.751123,4071.238020
3780.426136,4229.594105
3782.895301,4215.365582
3774.951659,4222.933450
3761.310045,4249.195234
3768.120717,4210.950615
3768.419894,4221.532856
3749.875226,4231.168452
3765.412883,4209.978426
3761.915578,4224.754955
3794.647794,4227.414761
3806.115465,4193.418484
3803.682940,4180.694260
3806.461486,4175.823366
3811.804239,4183.976188
2547.373067,5260.692127
2556.899171,5260.547577
2582.990410,5239.749215
2583.921280,5228.304747
2623.153783,5242.743482
2636.230045,5256.832307
2666.629230,5250.295720
2692.866772,5284.058121
2652.154497,5272.493832
2691.174065,5273.535769
2643.797411,5270.325488
2673.403069,5245.154362
2669.007781,5288.406864
2682.159766,5279.990603
2683.627823,5283.099751
2699.226576,5287.845572
2691.104269,5274.377270
2712.538427,5305.262812
2700.547819,5272.140827
2705.440774,5284.701011
2700.131004,5263.911694
2699.078172,5264.367149
2703.301560,5275.739953
2691.576304,5299.819592
2706.840614,5311.690450
2688.796047,5279.134681
2695.948569,5267.845595
2695.869766,5274.833293
2733.510648,5302.422749
2704.496626,5320.180680
2727.528724,5280.001638
2714.768787,5288.590912
2729.990337,5274.479835
2709.644014,5315.564198
2723.560130,5297.256283
2757.930989,5300.598486
2733.609369,5289.979136
2756.021351,5295.952740
2745.158359,5322.304910
2732.026281,5296.845883
2742.015407,5269.743729
2765.427016,5268.911284
2794.087462,5272.562932
2845.485384,5264.595186
2865.760611,5263.477397
2831.342645,5224.716026
2906.164340,5260.807851
2837.335504,5226.387900
2888.862701,5226.432237
2881.434824,5211.486646
2878.016989,5226.516724
2898.308241,5256.841735
2851.607168,5211.570055
2877.058338,5206.366194
2911.569528,5173.359050
2963.183032,5209.672162
2934.651744,5160.165481
2964.877995,5216.486064
2905.905719,5168.059950
2926.543780,5186.566507
2933.832377,5239.155830
2952.785002,5193.058412
2945.423872,5212.656107
2958.284018,5155.988693
2931.564584,5207.607099
2957.287132,5216.469212
2938.089548,5130.186950
2934.990265,5193.490316
2947.026380,5205.270532
2983.400562,5198.097145
2945.103436,5248.899600
2975.704180,5238.559257
2974.122763,5235.438153
2975.684716,5204.298687
3005.439626,5206.251455
3000.803831,5208.085949
2980.835009,5196.869145
3026.714520,5160.480016
3043.804698,5174.671317
3003.321862,5214.962763
3488.224683,4327.881813
3483.775280,4347.401839
3469.062034,4321.721073
3471.675577,4330.518579
3445.125150,4309.391160
3502.321122,4341.674450
3499.263067,4344.828178
3513.737370,4328.607084
3501.894080,4333.562790
3500.666130,4327.706739
3524.821445,4327.408308
3508.442068,4341.433637
3500.349035,4320.979572
3477.550567,4310.009964
3499.701173,4360.610318
3501.152049,4339.952802
3483.389928,4369.095517
3489.240418,4354.295644
3481.011643,4345.772193
3506.179515,4373.148214
3474.412927,4347.541971
3447.574206,4325.815896
3470.346942,4345.905042
3460.453562,4333.422711
3464.201278,4342.598386
3492.615199,4380.579641
3484.939965,4355.492153
3485.581389,4367.073506
3485.713992,4345.922015
3497.048274,4374.893885
3471.852296,4363.499883
3476.534240,4357.884361
3454.062845,4338.159405
3472.960841,4367.212121
3472.029258,4350.845550
3490.267476,4369.340043
3489.525040,4374.713070
3455.864849,4332.385633
3498.697897,4370.105895
3535.516931,4393.974691
