150
0.000000,1.000000;-100.000000,192.920132;-1
0.242536,0.970143;-100.000000,195.489522;-1
0.554700,0.832050;-100.000000,198.523023;-1
0.832050,0.554700;-100.000000,198.407472;-1
0.970143,0.242536;-100.000000,199.832117;-1
1.000000,0.000000;-100.000000,197.327119;-1
0.000000,1.000000;-100.000000,193.910650;0
0.000000,1.000000;-100.000000,199.311898;6
0.000000,1.000000;-100.000000,198.850750;7
0.000000,1.000000;-100.000000,198.956194;8
0.242536,0.970143;-100.000000,191.429915;1
0.242536,0.970143;-100.000000,199.261696;10
0.242536,0.970143;-100.000000,199.082286;11
0.242536,0.970143;-100.000000,199.085006;12
0.554700,0.832050;-100.000000,199.801921;2
0.554700,0.832050;-100.000000,199.726195;14
0.554700,0.832050;-100.000000,199.694347;15
0.554700,0.832050;-100.000000,199.656593;16
0.832050,0.554700;63.000000,138.702195;3
0.832050,0.554700;66.000000,146.631464;18
0.832050,0.554700;65.500000,152.357323;19
0.832050,0.554700;65.500000,153.729578;20
0.970143,0.242536;24.000000,138.930602;4
0.970143,0.242536;63.500000,141.596456;22
0.970143,0.242536;65.500000,141.570854;23
0.970143,0.242536;67.000000,144.286316;24
1.000000,0.000000;30.000000,127.898080;5
1.000000,0.000000;38.500000,104.847971;26
1.000000,0.000000;49.000000,106.472001;27
1.000000,0.000000;53.000000,109.685068;28
0.000000,1.000000;-100.000000,198.522642;9
0.242536,0.970143;-100.000000,199.085579;13
0.554700,0.832050;-100.000000,199.641252;17
0.832050,0.554700;65.000000,153.730194;21
0.970143,0.242536;67.000000,145.940968;25
1.000000,0.000000;54.500000,114.101290;29
0.000000,1.000000;-100.000000,198.208078;30
0.242536,0.970143;-100.000000,199.078632;31
0.554700,0.832050;-100.000000,199.603405;32
0.832050,0.554700;65.500000,152.840651;33
0.970143,0.242536;67.000000,146.279169;34
1.000000,0.000000;55.000000,115.405780;35
0.000000,1.000000;-100.000000,198.039672;36
0.242536,0.970143;-100.000000,199.048146;37
0.554700,0.832050;-100.000000,199.650218;38
0.832050,0.554700;65.500000,153.173422;39
0.970143,0.242536;67.000000,145.873033;40
1.000000,0.000000;55.500000,115.182725;41
0.000000,1.000000;-100.000000,197.933489;42
0.242536,0.970143;-100.000000,199.025166;43
0.554700,0.832050;-100.000000,199.626356;44
0.832050,0.554700;65.000000,153.647839;45
0.970143,0.242536;67.000000,145.468033;46
1.000000,0.000000;56.000000,116.235355;47
0.000000,1.000000;-100.000000,197.855795;48
0.242536,0.970143;-100.000000,199.049834;49
0.554700,0.832050;-100.000000,199.610055;50
0.832050,0.554700;65.500000,153.650758;51
0.970143,0.242536;67.000000,145.143818;52
1.000000,0.000000;56.000000,116.375673;53
0.000000,1.000000;-100.000000,197.907310;54
0.242536,0.970143;-100.000000,199.046272;55
0.554700,0.832050;-100.000000,199.596331;56
0.832050,0.554700;65.500000,153.399792;57
0.970143,0.242536;67.000000,145.330845;58
1.000000,0.000000;56.000000,116.036483;59
0.000000,1.000000;-100.000000,197.805356;60
0.242536,0.970143;-100.000000,199.028050;61
0.554700,0.832050;-100.000000,199.576838;62
0.832050,0.554700;65.500000,153.235233;63
0.970143,0.242536;67.000000,145.299537;64
1.000000,0.000000;56.000000,116.742175;65
0.000000,1.000000;-100.000000,197.976440;66
0.242536,0.970143;-100.000000,198.962691;67
0.554700,0.832050;-100.000000,199.609274;68
0.832050,0.554700;65.500000,152.851870;69
0.970143,0.242536;67.000000,145.714367;70
1.000000,0.000000;56.000000,117.307043;71
0.000000,1.000000;-100.000000,197.934769;72
0.242536,0.970143;-100.000000,198.927308;73
0.554700,0.832050;-100.000000,199.616265;74
0.832050,0.554700;65.500000,152.776950;75
0.970143,0.242536;67.000000,145.290303;76
1.000000,0.000000;55.500000,117.687728;77
0.000000,1.000000;-100.000000,197.997719;78
0.242536,0.970143;-100.000000,198.916437;79
0.554700,0.832050;-100.000000,199.662506;80
0.832050,0.554700;65.500000,152.739258;81
0.970143,0.242536;67.000000,145.255889;82
1.000000,0.000000;53.500000,116.892957;83
0.000000,1.000000;-100.000000,198.159672;84
0.242536,0.970143;-100.000000,198.910927;85
0.554700,0.832050;-100.000000,199.668393;86
0.832050,0.554700;65.500000,152.640763;87
0.970143,0.242536;67.000000,145.346803;88
1.000000,0.000000;62.500000,136.232695;89
0.000000,1.000000;-100.000000,198.291007;90
0.242536,0.970143;-100.000000,198.933485;91
0.554700,0.832050;-100.000000,199.632718;92
0.832050,0.554700;65.500000,152.534044;93
0.970143,0.242536;67.000000,145.188908;94
1.000000,0.000000;64.000000,135.727468;95
0.000000,1.000000;-100.000000,198.378661;96
0.242536,0.970143;-100.000000,198.889724;97
0.554700,0.832050;-100.000000,199.621898;98
0.832050,0.554700;65.500000,152.590459;99
0.970143,0.242536;67.000000,145.063401;100
1.000000,0.000000;64.500000,135.909980;101
0.000000,1.000000;-100.000000,198.283245;102
0.242536,0.970143;-100.000000,198.852074;103
0.554700,0.832050;-100.000000,199.594374;104
0.832050,0.554700;65.500000,153.174020;105
0.970143,0.242536;67.000000,145.248463;106
1.000000,0.000000;65.000000,135.698271;107
0.000000,1.000000;-100.000000,198.251305;108
0.242536,0.970143;-100.000000,198.747909;109
0.554700,0.832050;-100.000000,199.619404;110
0.832050,0.554700;65.500000,153.204420;111
0.970143,0.242536;67.000000,145.270260;112
1.000000,0.000000;65.000000,134.671085;113
0.000000,1.000000;-100.000000,198.359481;114
0.242536,0.970143;-100.000000,198.694988;115
0.554700,0.832050;-100.000000,199.611235;116
0.832050,0.554700;65.500000,153.536386;117
0.970143,0.242536;67.000000,145.203566;118
1.000000,0.000000;65.500000,134.891141;119
0.000000,1.000000;-100.000000,198.283391;120
0.242536,0.970143;-100.000000,198.659797;121
0.554700,0.832050;-100.000000,199.596521;122
0.832050,0.554700;65.500000,153.646489;123
0.970143,0.242536;67.000000,145.310438;124
1.000000,0.000000;65.500000,134.482790;125
0.000000,1.000000;-100.000000,198.320407;126
0.242536,0.970143;-100.000000,198.644166;127
0.554700,0.832050;-100.000000,199.600899;128
0.832050,0.554700;65.500000,153.815120;129
0.970143,0.242536;67.000000,145.181377;130
1.000000,0.000000;65.500000,134.140117;131
0.000000,1.000000;-100.000000,198.310588;132
0.242536,0.970143;-100.000000,198.547769;133
0.554700,0.832050;-100.000000,199.582932;134
0.832050,0.554700;65.500000,153.773939;135
0.970143,0.242536;67.000000,144.939736;136
1.000000,0.000000;65.500000,134.231021;137
0.000000,1.000000;-100.000000,198.358001;138
0.242536,0.970143;-100.000000,198.584586;139
0.554700,0.832050;-100.000000,199.602175;140
0.832050,0.554700;65.500000,153.645950;141
0.970143,0.242536;67.000000,144.894679;142
1.000000,0.000000;66.000000,135.277951;143
15
22
26
27
135
141
19
23
40
34
149
113
14
15
6
10
