-100.000000,197.275764
-100.000000,197.179679
-100.000000,197.327396
-100.000000,197.370739
-100.000000,197.477672
-100.000000,197.409488
-100.000000,197.384096
-100.000000,197.471629
-100.000000,197.560529
-100.000000,197.671898
-100.000000,197.818821
-100.000000,197.913887
-100.000000,198.013985
-100.000000,198.013926
-100.000000,198.059963
-100.000000,198.102281
-100.000000,198.060561
-100.000000,198.030809
-100.000000,198.063607
-100.000000,198.071258
-100.000000,197.728494
-100.000000,197.636725
-100.000000,197.789916
-100.000000,197.769301
-100.000000,197.764596
-100.000000,197.647313
-100.000000,197.572199
-100.000000,197.641760
-100.000000,197.666781
-100.000000,197.722197
-100.000000,197.854495
-100.000000,197.945821
-100.000000,197.996294
-100.000000,197.948897
-100.000000,198.119852
-100.000000,198.200657
-100.000000,198.251257
-100.000000,198.345869
-100.000000,198.310835
-100.000000,198.376243
-100.000000,194.898649
-100.000000,194.657390
-100.000000,195.057045
-100.000000,195.239191
-100.000000,195.536425
-100.000000,195.282799
-100.000000,194.896259
-100.000000,194.954968
-100.000000,194.516696
-100.000000,194.587646
-100.000000,194.374636
-100.000000,194.159488
-100.000000,193.629094
-100.000000,193.093630
-100.000000,193.475018
-100.000000,192.939689
-100.000000,192.580177
-100.000000,192.726753
-100.000000,192.162477
-100.000000,192.711749
67.500000,45.619947
67.500000,45.619977
67.500000,45.609654
67.500000,45.604352
67.500000,45.599039
67.500000,45.594460
67.500000,45.591356
67.500000,45.586486
67.500000,45.583785
67.500000,45.585149
67.500000,45.578743
67.500000,45.575505
67.500000,45.572130
67.500000,45.573681
67.500000,45.575326
67.500000,45.573502
67.500000,45.568458
67.500000,45.568994
67.500000,45.572192
67.500000,45.575172
67.500000,44.649774
67.500000,44.649031
67.500000,44.643604
67.500000,44.643992
67.500000,44.643900
67.500000,44.644474
67.500000,44.644662
67.500000,44.644811
67.500000,44.644090
67.500000,44.643864
67.500000,44.644277
67.500000,44.644522
67.500000,44.644979
67.500000,44.645025
67.500000,44.644977
67.500000,44.645045
67.500000,44.645280
67.500000,44.645392
67.500000,44.645399
67.500000,44.645273
66.500000,46.605012
66.500000,46.606411
66.500000,46.591552
66.500000,46.607199
66.500000,46.591758
66.500000,46.598102
66.500000,46.593278
66.500000,46.592028
66.500000,46.605921
66.500000,46.612375
66.500000,46.621155
66.500000,46.616892
66.500000,46.620379
66.500000,46.624680
66.500000,46.624419
66.500000,46.623420
66.500000,46.627068
66.500000,46.627312
66.500000,46.619883
66.500000,46.604051
