72
0.000000,1.000000;-100.000000,192.920132;-1
0.242536,0.970143;-100.000000,195.489522;-1
0.554700,0.832050;-100.000000,198.523023;-1
0.832050,0.554700;-100.000000,198.407472;-1
0.970143,0.242536;-100.000000,199.832117;-1
1.000000,0.000000;-100.000000,197.327119;-1
0.000000,1.000000;-100.000000,192.762444;0
0.000000,1.000000;-100.000000,199.252173;6
0.000000,1.000000;-100.000000,198.833180;7
0.000000,1.000000;-100.000000,198.974963;8
0.242536,0.970143;-100.000000,191.366377;1
0.242536,0.970143;-100.000000,199.286535;10
0.242536,0.970143;-100.000000,199.198717;11
0.242536,0.970143;-100.000000,199.220760;12
0.554700,0.832050;-100.000000,199.801921;2
0.554700,0.832050;-100.000000,199.726195;14
0.554700,0.832050;-100.000000,199.684512;15
0.554700,0.832050;-100.000000,199.700657;16
0.832050,0.554700;63.000000,138.702195;3
0.832050,0.554700;66.000000,145.312534;18
0.832050,0.554700;65.500000,151.558235;19
0.832050,0.554700;65.500000,152.824189;20
0.970143,0.242536;21.000000,130.127890;4
0.970143,0.242536;64.000000,140.774816;22
0.970143,0.242536;66.000000,142.990971;23
0.970143,0.242536;67.000000,144.622351;24
1.000000,0.000000;30.500000,129.580175;5
1.000000,0.000000;42.500000,110.462207;26
1.000000,0.000000;50.000000,106.129345;27
1.000000,0.000000;54.000000,112.386164;28
0.885951,0.463778;66.000000,149.058452;19
0.307432,0.951570;64.000000,154.762877;19
0.909760,0.415135;51.500000,123.745626;28
0.550555,0.834799;23.500000,136.689528;27
0.978564,0.205945;67.000000,146.433075;20
0.950244,0.311507;55.000000,121.055202;29
0.996018,0.089148;66.000000,139.787273;33
0.541011,0.841015;64.000000,156.543082;31
0.960610,0.277901;-100.000000,199.757049;15
0.622128,0.782916;64.500000,153.060838;30
0.775219,0.631692;-100.000000,199.427747;10
0.727157,0.686471;65.000000,154.008853;20
0.992221,0.124489;-100.000000,189.698247;6
0.941939,0.335784;67.000000,145.729328;19
0.813920,0.580977;43.000000,119.566547;26
0.244254,0.969711;-100.000000,199.784077;22
0.297896,0.954598;63.500000,156.570505;21
0.946348,0.323148;66.500000,144.711280;36
0.556708,0.830708;65.000000,153.979811;34
0.629457,0.777035;-100.000000,199.937638;45
0.837571,0.546329;66.000000,150.131742;43
0.089121,0.996021;63.500000,155.017818;30
0.703933,0.710266;41.000000,139.705735;26
0.120106,0.992761;62.500000,157.719204;37
0.931122,0.364708;66.500000,148.975144;50
0.419506,0.907753;65.000000,154.069818;34
0.759919,0.650018;62.000000,151.286334;22
0.485918,0.874004;64.000000,155.965487;48
0.668593,0.743628;52.500000,125.248434;29
0.951043,0.309059;66.500000,147.712059;30
0.162565,0.986698;50.500000,132.838396;29
0.705985,0.708227;52.500000,126.315519;29
0.886791,0.462171;65.500000,153.499381;41
0.848739,0.528812;66.000000,151.632779;34
0.270054,0.962845;64.500000,153.816929;50
0.752311,0.658808;65.500000,151.782768;50
0.683205,0.730227;65.000000,154.397711;63
0.502692,0.864466;49.500000,131.509866;29
0.678158,0.734916;64.000000,156.153208;37
0.859924,0.510423;66.000000,150.573213;43
0.886049,0.463592;40.500000,117.513327;26
0.422150,0.906526;-100.000000,199.590028;33
23
33
22
26
52
44
70
67
60
27
53
37
66
55
63
69
34
43
36
29
49
14
6
10
