499.646097,2495.251336
499.655222,2495.165544
499.664113,2495.105510
499.679352,2494.933356
499.954140,2494.871783
499.982214,2494.826725
499.991766,2494.816567
500.014689,2494.797745
500.123543,2494.590725
500.174198,2494.453908
500.192871,2494.381556
500.238336,2494.280677
500.433371,2494.165359
500.446098,2494.015768
500.474765,2493.945408
500.723467,2493.911506
500.762260,2493.675940
500.770603,2493.528517
501.825162,2493.262832
503.585890,2492.753159
503.812574,2492.303252
503.884006,2491.454786
504.083947,2490.873894
504.225599,2490.376758
504.240623,2490.310588
529.183303,2482.685895
529.333224,2482.448295
529.783283,2481.868869
663.334158,2427.280092
663.889130,2426.312325
668.287390,2424.786866
669.909962,2423.180486
671.323536,2422.662337
671.457787,2420.431828
673.780524,2419.749732
674.250777,2417.724148
677.065056,2417.112211
680.652788,2414.291725
685.008266,2412.473676
690.251386,2384.421260
693.737734,2376.875592
727.727196,2353.023744
742.285945,2343.762711
745.042601,2341.638296
751.311393,2340.761234
763.074417,2338.423578
769.053681,2336.092426
776.773930,2335.958423
778.289123,2334.571939
783.284297,2333.635284
788.194238,2332.044522
789.624592,2330.985403
803.150791,2328.632566
810.453385,2323.484709
813.079878,2319.190733
817.299470,2317.383605
830.141001,2317.263041
836.207263,2316.923809
844.707654,2316.778660
863.381871,2315.333063
884.856564,2314.189360
901.657583,2313.789623
916.886314,2312.629986
938.676064,2299.484427
941.964721,2290.104515
978.900592,2287.583059
988.860631,2286.462566
997.298180,2283.944115
1000.385372,2283.200252
1006.239919,2273.937125
1012.808868,2261.732953
1013.683509,2260.026184
1017.373221,2259.170425
1020.538526,2258.899010
1023.724373,2258.201415
1029.724695,2255.481981
1031.452649,2241.579055
1037.032104,2233.227785
1037.630121,2233.106815
1255.766712,2226.375702
1259.028515,2225.583634
1265.755857,2224.656777
1268.381910,2224.365355
1272.867309,2223.882714
1274.740863,2222.905200
1275.243486,2222.322925
1276.675614,2222.000599
1282.031072,2221.123033
1286.374622,2220.952065
1293.721117,2217.637869
1295.054735,2216.787681
1295.567094,2216.647760
1300.169184,2216.123165
1308.784863,2212.455093
1311.892982,2210.162894
1317.787631,2209.076546
1321.740610,2208.206526
1324.957465,2207.209347
1325.704457,2207.171585
1329.763574,2206.572520
1330.091462,2205.322569
1341.940806,2203.279655
1352.170812,2201.171934
1352.437160,2199.678488
1357.435238,2199.071402
1358.536836,2198.914356
1360.452551,2198.212535
1364.644168,2198.155833
1375.171902,2196.196667
1385.119125,2195.528413
1390.150863,2194.568004
1406.041358,2191.742342
1412.275648,2191.037597
1415.862889,2189.876281
1420.413822,2184.131398
1429.169554,2182.210358
1431.851443,2181.950324
1437.412284,2181.016955
1448.611933,2180.815455
1455.161330,2180.478272
1463.762080,2178.982025
1472.238269,2178.529835
1484.633176,2175.301420
1493.017213,2173.515130
1500.432762,2172.777918
1502.996349,2171.831678
1512.088661,2167.254478
1524.556481,2164.793397
1527.178345,2163.084159
1527.332265,2160.521606
1532.658645,2157.515757
1533.879073,2156.397468
1535.304265,2150.865611
1540.104236,2150.799494
1546.126405,2148.325265
1562.775921,2148.211250
1564.492554,2148.091409
1566.021137,2145.898565
1573.297117,2143.984990
1576.206254,2142.546533
1576.420722,2141.001695
1587.243131,2138.816413
1588.780089,2137.413599
1593.373803,2137.170746
1597.403799,2135.301061
1604.991174,2134.110103
1609.113263,2132.578138
1611.824637,2132.039206
1614.478457,2130.936417
1617.681823,2130.443778
1623.619919,2127.301406
1632.901255,2121.095708
1634.841839,2118.769983
1641.799881,2118.128523
1642.809421,2116.134442
1643.228801,2115.582126
1648.987248,2113.573909
1651.156808,2112.087766
1653.888055,2109.924143
1656.912945,2107.687494
1657.872880,2101.758182
1659.053797,2101.173152
1666.963702,2098.381559
1668.265188,2095.775387
1721.104240,2061.697837
1721.270333,2060.115764
1723.889561,2059.565791
1724.130966,2058.434180
1727.701126,2054.854670
1729.263399,2052.205229
1731.286355,2051.736780
1732.248376,2050.227030
1732.463861,2046.205299
1740.141608,2044.152263
1740.843075,2039.473778
1745.078069,2037.809748
1749.006622,2037.453526
1752.520602,2033.367308
1752.956449,2032.303352
1759.537128,2031.965292
1761.022061,2026.970102
1764.314062,2024.043845
1765.723453,2018.732389
1767.928809,1984.492421
1769.722759,1982.042166
1771.047952,1976.797414
1775.688167,1975.524121
1779.077118,1973.146647
1782.821964,1971.567274
1787.550866,1965.837010
1794.970109,1962.923555
1799.158975,1961.493684
1805.096839,1959.015810
1809.164853,1954.017175
1813.653173,1952.214588
1820.643572,1951.076641
1822.026506,1948.370302
1824.526217,1946.149922
1829.799881,1943.530645
1831.114584,1940.919045
1832.948222,1936.274482
1835.975481,1934.339172
1839.997710,1933.942727
1841.249591,1933.142371
1845.432399,1929.530074
1847.478339,1927.393274
1848.362121,1925.299860
1852.266684,1904.121873
1888.417575,1901.333620
1888.662557,1899.759000
1889.509541,1899.757884
1890.201904,1896.892167
1890.321919,1895.114140
1891.731116,1895.039673
1894.089716,1892.067317
1894.787995,1890.412678
1895.798675,1888.864963
1896.730179,1888.353164
1898.618837,1886.768293
1900.283600,1883.136079
1902.822515,1881.285244
1903.302067,1879.447926
1905.220048,1878.543415
1905.706083,1874.478401
1906.521648,1873.935351
1911.090231,1873.742808
1914.483947,1871.350101
1915.561944,1870.329577
1920.373116,1867.039316
1922.723630,1863.842771
1923.228610,1863.397343
1928.293708,1856.821495
1929.070068,1855.543937
1934.202931,1849.275067
1934.757763,1846.296403
1936.591209,1845.023667
1937.663406,1844.899856
1938.246140,1839.571676
1939.174440,1838.749207
1941.765495,1833.946967
1943.926691,1830.277346
1944.469745,1829.033761
1946.766217,1828.563858
1949.040576,1779.206944
1956.114179,1772.008336
1959.340901,1764.466941
1969.931958,1759.052361
1970.752804,1757.238362
1970.820039,1756.633983
1972.472721,1756.358341
1974.236096,1755.319681
1976.260690,1752.474690
1976.949672,1745.276422
1977.959600,1743.501634
1978.976538,1740.201966
1985.430835,1734.233716
1990.386543,1721.315842
1992.795387,1718.562193
1993.631168,1714.233672
1997.138850,1713.187002
1999.746800,1698.271147
2005.980077,1690.638948
2007.370165,1675.383101
2010.549449,1671.821922
2012.844428,1662.661037
2014.962958,1656.452497
2015.037803,1655.053452
2017.462335,1646.445959
2019.707820,1645.008136
2022.944194,1636.284574
2024.155026,1633.133240
2026.556364,1627.894569
2029.661612,1620.275686
2029.794556,1619.943108
2031.635246,1618.861972
2032.408955,1612.537607
2036.836503,1611.528806
2039.190476,1610.405385
2042.625856,1605.457678
2042.642656,1601.429425
2044.187907,1589.890235
2045.047048,1584.915029
2045.331319,1580.364134
2045.436283,1568.989224
2049.660343,1568.160114
2055.598438,1566.167888
2055.763985,1559.305210
2056.041074,1540.876059
2056.257827,1539.780049
2060.833130,1533.528330
2062.817844,1528.334178
2063.868157,1527.602383
2064.482101,1521.415005
2065.446242,1520.797850
2069.368502,1520.456576
