-100.000000,192.868205
-100.000000,193.143585
-100.000000,193.553395
-100.000000,193.925063
-100.000000,194.177008
-100.000000,194.512430
-100.000000,194.769330
-100.000000,195.021953
-100.000000,195.267953
-100.000000,195.552641
-100.000000,195.796651
-100.000000,195.986302
-100.000000,196.099992
-100.000000,196.215823
-100.000000,196.310454
-100.000000,196.387324
-100.000000,196.594194
-100.000000,196.361140
-100.000000,196.426297
-100.000000,196.178810
-100.000000,195.994643
-100.000000,195.857853
-100.000000,196.085134
-100.000000,196.328349
-100.000000,196.178167
-100.000000,196.307898
-100.000000,196.269760
-100.000000,196.254398
-100.000000,196.235199
-100.000000,196.255241
-100.000000,196.388134
-100.000000,196.296033
-100.000000,196.404781
-100.000000,196.432017
-100.000000,196.511093
-100.000000,196.426914
-100.000000,196.568281
-100.000000,196.429125
-100.000000,196.510472
-100.000000,196.472327
-100.000000,196.197932
-100.000000,196.071655
-100.000000,196.355030
-100.000000,196.530483
-100.000000,196.437348
-100.000000,196.441800
-100.000000,196.533863
-100.000000,196.567258
-100.000000,196.577816
-100.000000,196.631426
-100.000000,196.645694
-100.000000,196.501860
-100.000000,196.413845
-100.000000,196.431057
-100.000000,196.454075
-100.000000,196.575596
-100.000000,196.580273
-100.000000,196.539156
-100.000000,196.677308
-100.000000,196.864261
67.000000,47.707660
67.000000,47.708060
67.000000,47.699173
67.000000,47.686535
67.000000,47.688117
67.000000,47.687650
67.000000,47.702623
67.000000,47.700079
67.000000,47.694964
67.000000,47.701137
67.000000,47.698787
67.000000,47.713421
67.000000,47.713254
67.000000,47.708780
67.000000,47.721995
67.000000,47.730547
67.000000,47.723640
67.000000,47.721430
67.000000,47.730161
67.000000,47.724516
67.500000,44.830342
67.500000,44.832269
67.500000,44.827002
67.500000,44.822152
67.500000,44.816383
67.500000,44.818431
67.500000,44.820958
67.500000,44.822371
67.500000,44.827251
67.500000,44.819769
67.500000,44.825672
67.500000,44.827918
67.500000,44.836191
67.500000,44.840071
67.500000,44.840993
67.500000,44.847186
67.500000,44.849030
67.500000,44.843092
67.500000,44.842418
67.500000,44.838230
66.500000,46.720876
66.500000,46.717870
66.500000,46.703667
66.500000,46.696932
66.500000,46.695455
66.500000,46.690386
66.500000,46.694592
66.500000,46.676521
66.500000,46.679809
66.500000,46.668724
66.500000,46.675565
66.500000,46.680280
66.500000,46.688676
66.500000,46.678960
66.500000,46.664060
66.500000,46.665652
66.500000,46.658598
66.500000,46.674332
66.500000,46.679668
66.500000,46.688345
