-100.000000,198.545239
-100.000000,198.635001
-100.000000,198.608578
-100.000000,198.513119
-100.000000,198.420046
-100.000000,198.440597
-100.000000,198.471381
-100.000000,198.473509
-100.000000,198.395377
-100.000000,198.307732
-100.000000,198.289390
-100.000000,198.244214
-100.000000,198.194376
-100.000000,198.150542
-100.000000,198.110055
-100.000000,198.055896
-100.000000,197.990708
-100.000000,197.903240
-100.000000,197.844230
-100.000000,197.778959
-100.000000,198.548179
-100.000000,198.634284
-100.000000,198.608185
-100.000000,198.506666
-100.000000,198.415874
-100.000000,198.427468
-100.000000,198.457357
-100.000000,198.459779
-100.000000,198.383419
-100.000000,198.303486
-100.000000,198.282043
-100.000000,198.226684
-100.000000,198.185346
-100.000000,198.147048
-100.000000,198.096291
-100.000000,198.039221
-100.000000,197.975753
-100.000000,197.885257
-100.000000,197.823808
-100.000000,197.756006
-100.000000,198.548225
-100.000000,198.633098
-100.000000,198.605166
-100.000000,198.496116
-100.000000,198.398372
-100.000000,198.422947
-100.000000,198.456489
-100.000000,198.466707
-100.000000,198.378034
-100.000000,198.293822
-100.000000,198.270890
-100.000000,198.229887
-100.000000,198.173401
-100.000000,198.136290
-100.000000,198.091058
-100.000000,198.025612
-100.000000,197.961978
-100.000000,197.861423
-100.000000,197.800467
-100.000000,197.735034
63.000000,55.299902
62.500000,55.510122
62.500000,54.976728
63.000000,54.646656
62.500000,54.674845
62.500000,54.606349
62.500000,54.860664
63.000000,53.668517
62.500000,54.227018
62.500000,53.850283
62.500000,53.455074
62.500000,53.541956
62.000000,53.375973
62.000000,52.953556
62.500000,52.182341
62.000000,52.184661
61.500000,52.120386
61.500000,52.090503
61.500000,52.006447
61.500000,51.732678
67.500000,46.543075
67.500000,46.364808
67.500000,46.267746
67.500000,46.162022
67.500000,46.054484
67.500000,46.022009
67.500000,45.918622
67.500000,45.814428
67.500000,45.754633
67.500000,45.693666
67.500000,45.640488
67.500000,45.572166
67.500000,45.515715
67.500000,45.473841
67.500000,45.415887
67.500000,45.401543
67.500000,45.344814
67.500000,45.314451
67.500000,45.301353
67.500000,45.257865
67.500000,46.520235
67.500000,46.330611
67.500000,46.205040
67.500000,46.069705
67.500000,45.968038
67.500000,45.895746
67.500000,45.802785
67.500000,45.684567
67.500000,45.605419
67.500000,45.531076
67.500000,45.506107
67.500000,45.452173
67.500000,45.427549
67.500000,45.396514
67.500000,45.366460
67.500000,45.331197
67.500000,45.303594
67.500000,45.250131
67.500000,45.239028
67.500000,45.221909
