-100.000000,195.484981
-100.000000,195.302015
-100.000000,195.534212
-100.000000,195.454182
-100.000000,195.501435
-100.000000,195.191173
-100.000000,195.037234
-100.000000,194.958231
-100.000000,194.939902
-100.000000,195.017113
-100.000000,194.974316
-100.000000,194.699420
-100.000000,194.655982
-100.000000,194.387766
-100.000000,194.207706
-100.000000,194.302180
-100.000000,194.213309
-100.000000,194.026507
-100.000000,194.289966
-100.000000,194.474393
-100.000000,195.539753
-100.000000,195.527082
-100.000000,195.844940
-100.000000,195.810831
-100.000000,195.924936
-100.000000,195.620099
-100.000000,195.338142
-100.000000,195.316617
-100.000000,195.426345
-100.000000,195.561754
-100.000000,195.703999
-100.000000,195.569024
-100.000000,195.488987
-100.000000,195.346383
-100.000000,195.132212
-100.000000,195.301839
-100.000000,195.394936
-100.000000,195.546171
-100.000000,195.770115
-100.000000,195.873296
-100.000000,195.446444
-100.000000,195.188157
-100.000000,195.607638
-100.000000,195.743125
-100.000000,195.731540
-100.000000,195.305335
-100.000000,195.009012
-100.000000,194.806557
-100.000000,195.025412
-100.000000,195.248437
-100.000000,195.177865
-100.000000,194.813911
-100.000000,194.500556
-100.000000,194.114071
-100.000000,193.944493
-100.000000,194.269830
-100.000000,194.472587
-100.000000,194.726907
-100.000000,195.104823
-100.000000,195.368297
67.000000,47.754259
67.000000,47.747885
67.000000,47.752877
67.000000,47.745942
67.000000,47.721211
67.000000,47.709338
67.000000,47.714621
67.000000,47.708335
67.000000,47.715228
67.000000,47.719742
67.000000,47.731920
67.000000,47.732749
67.000000,47.733564
67.000000,47.742125
67.000000,47.727190
67.000000,47.725469
67.000000,47.727315
67.000000,47.717923
67.000000,47.721615
67.000000,47.723477
67.500000,44.838675
67.500000,44.834875
67.500000,44.829568
67.500000,44.833668
67.500000,44.837178
67.500000,44.827280
67.500000,44.830262
67.500000,44.827470
67.500000,44.834396
67.500000,44.833348
67.500000,44.830422
67.500000,44.827996
67.500000,44.829226
67.500000,44.832347
67.500000,44.839933
67.500000,44.839618
67.500000,44.845360
67.500000,44.847871
67.500000,44.845860
67.500000,44.852816
66.500000,46.630926
66.500000,46.639244
66.500000,46.648483
66.500000,46.653685
66.500000,46.600835
66.500000,46.614598
66.500000,46.639778
66.500000,46.646868
66.500000,46.646592
66.500000,46.638023
66.500000,46.665243
66.500000,46.691746
66.500000,46.686476
66.500000,46.667019
66.500000,46.688230
66.500000,46.685506
66.500000,46.691162
66.500000,46.660088
66.500000,46.635083
66.500000,46.624048
