-100.000000,198.112856
-100.000000,198.237987
-100.000000,198.103105
-100.000000,198.191674
-100.000000,198.292608
-100.000000,198.389894
-100.000000,198.339596
-100.000000,198.279847
-100.000000,198.115285
-100.000000,198.082968
-100.000000,198.015357
-100.000000,197.941454
-100.000000,197.674885
-100.000000,197.734724
-100.000000,197.653118
-100.000000,197.728601
-100.000000,197.626117
-100.000000,197.583625
-100.000000,197.558132
-100.000000,197.586138
-100.000000,196.945143
-100.000000,197.268515
-100.000000,197.400927
-100.000000,197.491568
-100.000000,197.538972
-100.000000,197.011275
-100.000000,196.735205
-100.000000,196.364872
-100.000000,195.685847
-100.000000,195.580953
-100.000000,195.188094
-100.000000,194.649346
-100.000000,194.628074
-100.000000,195.004453
-100.000000,195.125236
-100.000000,195.866242
-100.000000,196.125162
-100.000000,196.296659
-100.000000,196.886109
-100.000000,196.964336
-100.000000,196.053908
-100.000000,196.871494
-100.000000,197.072865
-100.000000,197.230061
-100.000000,197.507605
-100.000000,197.134325
-100.000000,196.992763
-100.000000,196.374258
-100.000000,195.604819
-100.000000,195.107892
-100.000000,194.219637
-100.000000,193.233088
-100.000000,192.699281
-100.000000,193.770701
-100.000000,193.774281
-100.000000,195.054962
-100.000000,195.590673
-100.000000,196.060504
-100.000000,195.658680
-100.000000,196.242066
67.500000,46.136375
67.500000,46.128833
67.500000,46.111655
67.500000,46.118466
67.500000,46.118881
67.500000,46.117785
67.500000,46.094412
67.500000,46.085539
67.500000,46.075132
67.500000,46.074807
67.500000,46.052069
67.500000,46.062601
67.500000,46.064998
67.500000,46.036617
67.500000,46.033341
67.500000,46.012748
67.500000,46.014262
67.500000,46.015563
67.500000,45.985677
67.500000,45.979008
67.500000,44.805950
67.500000,44.811881
67.500000,44.816096
67.500000,44.811716
67.500000,44.814433
67.500000,44.814126
67.500000,44.811471
67.500000,44.811166
67.500000,44.812856
67.500000,44.816128
67.500000,44.810993
67.500000,44.812579
67.500000,44.809443
67.500000,44.809695
67.500000,44.807635
67.500000,44.815399
67.500000,44.811836
67.500000,44.812651
67.500000,44.805332
67.500000,44.802698
66.000000,47.584795
66.000000,47.580282
66.000000,47.557252
66.000000,47.534705
66.000000,47.551167
66.000000,47.553507
66.000000,47.581405
66.000000,47.530380
66.000000,47.536561
66.000000,47.561054
66.000000,47.507924
66.000000,47.498436
66.000000,47.503910
66.000000,47.512676
66.000000,47.528219
66.000000,47.462134
66.000000,47.423164
66.000000,47.406948
66.000000,47.416532
66.000000,47.412881
