1707.999449,5719.543833
1699.094678,5669.029665
1696.879258,5666.510793
1775.241919,5724.361783
1786.222387,5612.401199
1719.758735,5653.182474
1759.091261,5652.846324
1859.060187,5459.573210
2009.541834,5473.491160
1962.825780,5494.194036
2020.474906,5409.720675
1895.233132,5480.907876
1930.177729,5460.614357
1908.107358,5498.738058
1981.054462,5470.693634
1895.305431,5456.486527
1851.656457,5587.029298
1969.401733,5267.324783
1748.847753,5470.475817
1715.778029,5476.266229
1768.258603,5556.709540
1742.335065,5555.238956
1861.677254,5462.895223
1869.245782,5439.127009
1867.999412,5429.586065
1900.245023,5523.968625
1838.383220,5535.413535
1948.939429,5437.077849
1868.826227,5532.578283
2021.884633,5445.545254
2000.034798,5460.426530
1788.050430,5494.137189
1944.347128,5357.598066
2055.659287,5411.514175
2037.966670,5467.941469
1933.663515,5526.439057
1961.227166,5541.139854
1906.584547,5544.517459
1938.616611,5537.398097
1872.502704,5500.452747
3527.911757,4121.022786
3519.429731,4129.854159
3513.227441,4128.862396
3490.931813,4133.961656
3438.870994,4121.574754
3432.926659,4082.659366
3410.406949,4116.371776
3397.625094,4096.632238
3451.238541,4121.721421
3439.041641,4127.166787
3432.139661,4144.254887
3429.974363,4155.052425
3439.632769,4141.619306
3468.659001,4158.227100
3434.286371,4137.525941
3424.399936,4130.462694
3487.463694,4148.074213
3451.178387,4136.750080
3472.156575,4154.604300
3453.669184,4161.318091
3467.944822,4159.924889
3469.279812,4147.264458
3447.740823,4117.679313
3430.216101,4114.526947
3392.357393,4074.175502
3410.497010,4123.247321
3376.330730,4111.077606
3372.858480,4142.527789
3421.468000,4166.020379
3434.773337,4177.501698
3421.889432,4168.141666
3466.423052,4194.336047
3461.619117,4192.722799
3415.404206,4177.377385
3434.485659,4201.369419
3435.077572,4182.856061
3433.372336,4173.828051
3437.030504,4185.480452
3422.786358,4162.010242
3432.715379,4164.854452
2035.656628,5537.417812
2133.295591,5481.160710
2081.250104,5358.944528
2109.253217,5408.009892
2137.687767,5397.056523
2179.933007,5373.936386
2205.591491,5350.221390
2280.168438,5205.631869
2298.604967,5235.233509
2208.182961,5355.020133
2288.628749,5264.191659
2207.591733,5330.179395
2293.246401,5217.593706
2331.745939,5327.841835
2339.162574,5189.212726
2389.476122,5190.505674
2487.337874,5089.382239
2370.312320,5161.520812
2384.899817,5174.581193
2374.028416,5186.449325
2510.743665,5043.744977
2502.720347,5081.185223
2530.507173,5059.726434
2500.900196,5104.775614
2398.171812,5239.233496
2481.378868,5065.203558
2527.379117,5037.293168
2578.376020,4982.657731
2529.177840,4993.416358
2554.919328,4949.964106
2511.388906,5017.220628
2622.072188,4871.045794
2634.045769,4870.260795
2625.666894,4881.009926
2649.460338,4810.067049
2629.119760,4813.974503
2564.878465,4978.473800
2615.489192,4956.296221
2605.909974,4937.969587
2637.143187,5055.734139
2970.760936,4934.878712
2966.642189,4953.151516
2929.443053,4945.419443
2974.658862,4882.806812
2991.082017,4849.473400
2987.075593,4829.547288
2967.523563,4853.783972
2961.780657,4844.588356
2973.422839,4873.410030
2993.325568,4896.011655
2981.291264,4896.637935
2952.174930,4889.384425
3019.224250,4845.658116
3074.961057,4775.669412
3038.397835,4807.492258
3040.312705,4774.178547
3062.037472,4763.239093
3003.084676,4866.047041
2968.221332,4901.378469
3024.100272,4819.914922
3087.776591,4730.345104
3035.373830,4842.340595
3023.997095,4928.817690
3002.605387,4940.735784
3045.945814,4830.067271
3050.997191,4895.924310
3069.301316,4808.156022
3038.829714,4836.860632
3073.574171,4778.995298
3057.541971,4803.341820
3009.467983,4930.180240
2997.411281,4843.243501
2998.003452,4869.317548
3000.392919,4895.964347
3037.437586,4872.401999
3048.350356,4711.829898
3036.066651,4812.246094
3019.090854,4928.203351
3028.278595,4870.412467
3001.644367,4933.509451
1585.480174,5620.374118
1716.616542,5700.106462
1772.790335,5652.760128
1797.531671,5607.879132
1747.926556,5543.538155
1736.900928,5711.375062
1710.167639,5649.886892
1762.323999,5640.019195
1732.602640,5493.143264
1761.742534,5389.558990
1699.801791,5423.675105
1656.805108,5455.284188
1828.682089,5585.931753
1902.360858,5417.551013
1666.242079,5560.640824
1711.232519,5604.238153
1785.300567,5553.064369
1679.385254,5686.646348
1734.774507,5610.329560
1812.396749,5591.618378
1817.917906,5562.543067
1768.184345,5591.509671
1832.228766,5550.697480
1836.228693,5475.303888
1888.322497,5513.962561
1914.317650,5569.512547
1893.025271,5538.295468
1926.014302,5530.164120
1783.244162,5620.223537
1879.544623,5559.806264
1980.266398,5497.938356
2127.976553,5440.796437
2062.116992,5443.073352
2085.855322,5513.322062
2021.926646,5552.283809
2027.725694,5447.143856
1993.831654,5515.819202
1962.854896,5514.840733
1906.981160,5594.490540
1948.285776,5617.761687
2882.704949,4989.008959
2855.433948,4973.738083
2746.626752,5025.438634
2828.990924,5004.648075
2864.503499,5037.076427
2912.910188,5059.478030
2894.482870,5069.320706
2867.977412,5018.450983
2807.704180,5106.326041
2761.964654,5047.380754
2776.305629,5079.876026
2752.642990,5050.192605
2826.717954,5116.702063
2807.906111,5082.523516
2771.584368,5064.955204
2801.116661,5080.649038
2822.732537,5126.087499
2869.979895,5128.788648
2840.833568,5111.375997
2881.789023,5143.031826
2845.904794,5144.610488
2774.190535,5129.405705
2833.798720,5127.975904
2798.635939,5094.314519
2851.162850,5090.346568
2800.814218,5125.301491
2846.142232,5136.851979
2871.532701,5065.137612
2902.472098,5139.087978
2766.324309,5054.052153
2790.905479,5102.163585
2801.696558,5099.081488
2784.657068,5128.172297
2806.942544,5109.855334
2812.512217,5103.316741
2842.989858,5123.519523
2821.576409,5127.063326
2798.070860,5115.303046
2890.265106,5138.109198
2815.573999,5104.497449
