54.000000,54.254709
54.000000,54.805116
54.000000,55.320034
54.000000,55.900820
54.000000,56.537533
54.000000,57.037544
54.000000,57.472182
53.500000,58.524111
53.500000,58.975557
53.000000,59.781606
52.000000,60.787396
52.000000,61.398234
52.500000,61.710780
53.000000,62.344779
53.000000,63.393574
53.000000,63.982466
53.000000,65.110569
53.000000,65.972433
53.000000,67.213337
53.000000,68.850243
-100.000000,150.039550
-100.000000,153.092683
-100.000000,155.750344
-100.000000,160.086401
-100.000000,166.823499
-100.000000,173.280699
-100.000000,181.162822
-100.000000,187.537467
-100.000000,192.761812
-100.000000,196.007618
-100.000000,196.099042
-100.000000,195.776827
-100.000000,194.178354
-100.000000,195.759855
-100.000000,195.047363
-100.000000,192.013045
-100.000000,188.029797
-100.000000,183.819546
-100.000000,180.723322
-100.000000,175.602928
50.500000,54.562076
50.500000,55.263731
50.500000,55.770552
50.500000,56.375056
50.500000,57.108098
50.500000,58.081933
50.500000,59.251129
51.000000,59.770790
50.500000,61.585876
50.500000,62.628772
50.000000,64.204288
48.000000,67.693671
48.000000,69.777201
48.000000,71.861254
48.000000,72.992011
48.000000,74.919903
48.000000,79.180119
46.500000,84.948333
47.500000,82.353338
44.500000,87.881343
66.000000,47.050776
66.500000,46.592670
66.500000,46.543708
66.500000,46.540352
66.500000,46.469186
67.000000,46.036790
67.000000,45.944717
67.000000,45.877481
67.000000,45.841021
67.000000,45.832061
67.000000,45.788128
67.000000,45.723124
67.000000,45.684258
67.500000,45.324622
67.500000,45.278718
67.500000,45.251149
67.500000,45.185860
67.500000,45.192923
67.500000,45.187391
67.500000,45.215494
67.500000,46.580665
67.500000,46.395188
67.500000,46.244984
67.500000,46.062727
67.500000,45.918459
67.500000,45.792091
67.500000,45.693668
67.500000,45.587708
67.500000,45.492208
67.500000,45.417017
67.500000,45.356522
67.500000,45.329242
67.500000,45.277151
67.500000,45.226667
67.500000,45.226232
67.500000,45.167259
67.500000,45.115315
67.500000,45.095104
67.500000,45.092484
67.500000,45.087708
-100.000000,149.498505
-100.000000,151.655507
-100.000000,153.958388
-100.000000,158.103873
-100.000000,164.918138
-100.000000,171.621683
-100.000000,179.866676
-100.000000,186.431912
-100.000000,192.303337
-100.000000,195.919237
-100.000000,196.069176
-100.000000,195.697707
-100.000000,194.116070
-100.000000,195.742098
-100.000000,194.886740
-100.000000,191.549053
-100.000000,186.908643
-100.000000,182.365328
-100.000000,179.264051
-100.000000,174.358272
