-100.000000,198.564356
-100.000000,198.526516
-100.000000,198.652743
-100.000000,198.742195
-100.000000,198.718054
-100.000000,198.612670
-100.000000,198.469012
-100.000000,198.471343
-100.000000,198.299726
-100.000000,198.223289
-100.000000,198.143397
-100.000000,198.064054
-100.000000,197.897059
-100.000000,197.856806
-100.000000,197.720598
-100.000000,197.865416
-100.000000,197.650158
-100.000000,197.462950
-100.000000,197.063554
-100.000000,196.991133
-100.000000,198.562012
-100.000000,198.523149
-100.000000,198.653567
-100.000000,198.746552
-100.000000,198.725284
-100.000000,198.611166
-100.000000,198.468906
-100.000000,198.478660
-100.000000,198.302196
-100.000000,198.234621
-100.000000,198.134478
-100.000000,198.026777
-100.000000,197.842878
-100.000000,197.752634
-100.000000,197.549943
-100.000000,197.684286
-100.000000,197.374964
-100.000000,197.151598
-100.000000,196.656094
-100.000000,196.540849
-100.000000,198.566911
-100.000000,198.534269
-100.000000,198.658731
-100.000000,198.752037
-100.000000,198.728276
-100.000000,198.617860
-100.000000,198.484081
-100.000000,198.480572
-100.000000,198.273662
-100.000000,198.189543
-100.000000,198.001166
-100.000000,197.817343
-100.000000,197.459616
-100.000000,197.344777
-100.000000,197.142680
-100.000000,196.757074
-100.000000,196.360299
-100.000000,196.045237
-100.000000,195.338058
-100.000000,195.234029
63.000000,55.952057
63.000000,56.511557
63.500000,55.805412
63.000000,57.314351
63.000000,57.808175
63.000000,57.329567
63.500000,55.829510
63.000000,57.615261
63.500000,55.506908
63.500000,55.600406
63.000000,57.638489
63.500000,55.949656
63.500000,54.872589
63.500000,54.103528
63.000000,53.989204
63.000000,54.732636
63.000000,53.908624
63.000000,53.235274
63.000000,52.615489
63.000000,52.121629
67.500000,46.627886
67.500000,46.415729
67.500000,46.335896
67.500000,46.222796
67.500000,46.070352
67.500000,46.022355
67.500000,45.957259
67.500000,45.864556
67.500000,45.792412
67.500000,45.722223
67.500000,45.667193
67.500000,45.598810
67.500000,45.560548
67.500000,45.532010
67.500000,45.484076
67.500000,45.454658
67.500000,45.429824
67.500000,45.382860
67.500000,45.368014
67.500000,45.374793
67.500000,46.578509
67.500000,46.344011
67.500000,46.202019
67.500000,46.043246
67.500000,45.928813
67.500000,45.846437
67.500000,45.756709
67.500000,45.633516
67.500000,45.610616
67.500000,45.516174
67.500000,45.461797
67.500000,45.371383
67.500000,45.337365
67.500000,45.270883
67.500000,45.231646
67.500000,45.197043
67.500000,45.147277
67.500000,45.104576
67.500000,45.073357
67.500000,45.034652
