62.500000,57.723444
61.000000,61.956059
27.500000,89.350800
30.000000,96.816702
31.000000,101.364096
32.000000,105.832152
32.500000,106.329654
32.500000,107.459236
32.000000,113.254843
28.000000,124.202170
28.500000,126.874164
28.500000,129.907988
27.000000,134.836401
-100.000000,170.439286
-100.000000,173.724025
-100.000000,176.758521
-100.000000,183.312144
-100.000000,189.008175
-100.000000,193.145774
-100.000000,193.531544
26.500000,88.982838
30.000000,106.567967
27.000000,125.561888
-100.000000,176.731293
-100.000000,190.500314
-100.000000,192.570085
-100.000000,192.702176
-100.000000,193.102235
-100.000000,194.683587
-100.000000,194.380773
-100.000000,194.722859
-100.000000,194.299936
-100.000000,193.933571
-100.000000,193.096685
-100.000000,195.030017
-100.000000,196.694272
-100.000000,197.705171
-100.000000,198.600254
-100.000000,199.002930
-100.000000,199.164103
50.500000,56.496955
50.500000,57.140780
50.500000,57.773348
50.000000,59.082279
50.000000,60.217035
49.500000,61.700935
49.500000,63.048472
48.500000,65.123027
47.000000,68.918329
48.000000,70.981045
47.500000,74.830269
47.000000,79.937194
45.000000,84.386893
11.000000,109.127182
12.500000,113.257994
13.000000,119.641753
11.000000,122.966360
12.500000,127.424071
-100.000000,145.492211
-100.000000,155.931748
50.500000,56.528175
51.000000,56.629682
51.000000,57.468711
51.000000,57.878395
51.000000,57.767301
51.500000,58.075965
51.500000,58.834435
51.500000,59.491755
51.000000,60.807430
51.000000,61.077648
51.000000,61.959057
50.000000,63.558579
49.000000,65.206083
50.000000,65.919688
50.000000,65.934525
50.000000,66.753659
50.000000,67.059555
50.500000,68.306490
50.500000,70.459854
50.500000,72.734679
-100.000000,171.031646
-100.000000,168.536059
-100.000000,169.186615
-100.000000,175.298899
-100.000000,181.637035
-100.000000,187.625895
-100.000000,193.489966
-100.000000,195.805115
-100.000000,196.787333
-100.000000,196.992430
-100.000000,197.514430
-100.000000,197.847558
-100.000000,198.117901
-100.000000,197.896687
-100.000000,197.065601
-100.000000,195.987317
-100.000000,195.796975
-100.000000,194.618738
-100.000000,192.620394
-100.000000,191.846974
54.000000,54.162317
54.000000,54.593909
54.000000,54.899420
54.000000,55.353761
54.000000,55.925348
54.000000,56.501837
54.000000,56.977442
53.500000,58.014498
53.500000,58.520353
53.500000,58.888184
52.500000,59.896019
52.500000,60.705435
52.500000,61.628999
53.000000,62.195548
53.500000,63.062582
53.500000,63.997206
53.500000,66.134634
53.500000,68.310185
51.000000,74.681609
22.000000,89.203988
