126
0.000000,1.000000;194.257334,-60.214988;-1
0.242536,0.970143;-88.755336,-74.882372;-1
0.554700,0.832050;-33.392342,-40.982654;-1
0.832050,0.554700;84.954709,-15.938025;-1
0.970143,0.242536;143.772284,-11.453341;-1
1.000000,0.000000;427.757566,-329.970621;-1
0.000000,1.000000;1645.715975,2952.530599;0
0.000000,1.000000;2019.508339,4132.422821;6
0.000000,1.000000;2011.286094,4695.846894;7
0.000000,1.000000;1909.839892,5359.005138;8
0.000000,1.000000;1821.576602,5518.456120;9
0.242536,0.970143;454.442788,1197.044522;1
0.242536,0.970143;402.779015,1431.216047;11
0.242536,0.970143;450.880732,1452.164395;12
0.242536,0.970143;422.267989,1483.416989;13
0.242536,0.970143;415.734180,1556.476951;14
0.554700,0.832050;2201.339828,2017.184416;2
0.554700,0.832050;2787.607284,3165.116928;16
0.554700,0.832050;2974.033563,3557.844125;17
0.554700,0.832050;3240.858614,3764.173781;18
0.554700,0.832050;3094.418164,3852.045359;19
0.832050,0.554700;2100.317789,2140.988943;3
0.832050,0.554700;2736.224030,3105.567538;21
0.832050,0.554700;3083.919676,3338.822452;22
0.832050,0.554700;3119.079709,3553.576267;23
0.832050,0.554700;3324.098613,3662.787856;24
0.970143,0.242536;2503.170239,1181.092716;4
0.970143,0.242536;3070.248684,3013.334738;26
0.970143,0.242536;3255.900397,3083.581671;27
0.970143,0.242536;3527.346931,3138.327042;28
0.970143,0.242536;3649.473607,3197.890768;29
1.000000,0.000000;993.493233,-199.900004;5
1.000000,0.000000;1636.698423,-38.841871;31
1.000000,0.000000;1676.525348,-132.631779;32
1.000000,0.000000;1646.343231,-198.448375;33
1.000000,0.000000;1713.799725,-196.090316;34
0.707107,0.707107;2167.573111,5255.136142;10
0.718900,0.695113;3623.419671,3524.645172;30
0.707107,0.707107;2355.189883,4968.738024;8
0.064359,0.997927;2984.384988,4006.713399;20
0.707107,0.707107;2419.003711,4635.120554;7
0.707107,0.707107;2355.099972,5069.792254;9
0.000000,1.000000;1715.229500,5362.589633;36
0.970143,0.242536;2833.914378,4274.353989;40
0.000000,1.000000;1696.102997,5595.772345;41
1.000000,-0.000000;2841.462770,3980.062973;38
0.064359,0.997927;2819.090624,4146.490335;39
0.707107,0.707107;2476.883523,5150.005561;36
0.970143,0.242536;3711.372629,3281.024111;30
0.258819,0.965926;2432.896619,4971.213594;43
0.000000,1.000000;2844.309047,4248.409385;46
0.718900,0.695113;2590.710248,4740.492947;43
0.874313,0.485363;3824.915871,3531.548977;37
0.707107,0.707107;2541.743236,5129.661226;47
0.970143,0.242536;3833.560518,3539.747985;52
0.000000,1.000000;1697.289971,5648.349660;44
0.514496,0.857493;3736.391190,3825.117185;52
0.866025,0.500000;2804.291723,4799.407758;49
0.718900,0.695113;3792.462909,3731.869115;52
0.970143,0.242536;2856.788141,4656.069119;51
0.016820,0.999859;3524.591910,3911.685409;56
0.258819,0.965926;3713.389615,3924.743048;58
0.970143,0.242536;2926.297297,4579.777410;59
0.000000,1.000000;1579.921896,5732.048714;55
0.874313,0.485363;2844.537527,4716.646012;59
0.707107,0.707107;2667.465722,4879.449375;57
0.500000,0.866025;3740.166327,3974.637082;61
1.000000,-0.000000;3921.127530,3644.646983;61
0.866025,0.500000;2983.040423,4819.578741;64
0.000000,1.000000;1672.906180,5686.598616;63
0.000000,1.000000;3550.929618,4031.722544;61
0.707107,0.707107;2388.512793,5184.887616;53
0.000000,1.000000;3485.560382,4143.341115;70
0.866025,0.500000;2998.232348,4940.557694;68
1.000000,-0.000000;3082.721970,4639.847683;68
0.500000,0.866025;3686.982763,4077.002955;70
0.866025,0.500000;2529.219633,5193.728416;53
0.500000,0.866025;1998.447859,5544.855484;55
0.000000,1.000000;3420.704554,4162.642008;72
1.000000,-0.000000;2748.328308,4794.590816;53
1.000000,-0.000000;3137.975477,4437.377012;74
0.500000,0.866025;2063.812671,5491.706330;77
0.980581,0.196116;3500.708119,3591.545313;19
1.000000,-0.000000;3066.287829,4497.661990;73
0.707107,0.707107;3718.786566,4108.205279;72
0.707107,0.707107;3797.183771,3896.442971;75
0.965926,0.258819;3118.812086,4587.813712;80
0.000000,1.000000;1754.226712,5585.485339;77
0.500000,0.866025;3649.533990,4089.481900;75
0.965926,0.258819;3004.416700,4951.561531;73
1.000000,-0.000000;3887.084435,3839.403442;85
0.500000,0.866025;2867.852279,4991.184961;89
1.000000,-0.000000;3923.001488,3924.362113;84
0.000000,1.000000;3575.413717,4241.917591;84
0.707107,0.707107;3863.530438,3970.104479;67
0.707107,0.707107;3784.859851,4120.517668;84
1.000000,-0.000000;3925.156653,3786.466369;92
0.000000,1.000000;3389.403931,4267.055110;93
0.707107,0.707107;3718.456061,4198.650673;93
0.500000,0.866025;3727.297273,4203.099278;93
0.965926,0.258819;3888.009032,3985.516434;95
0.707107,0.707107;3795.457541,4076.277289;92
0.000000,1.000000;3517.229436,4309.379478;99
0.707107,0.707107;3886.716866,3916.432891;100
0.857493,0.514496;528.826395,1518.513141;15
0.695113,0.718900;498.616018,1530.117738;15
0.485363,0.874313;479.800891,1539.887577;15
0.242536,0.970143;450.946292,1547.983367;15
0.000000,1.000000;3379.027568,4301.862236;102
0.707107,0.707107;3869.154130,4146.454817;103
0.707107,0.707107;2112.265759,5635.253159;63
0.500000,0.866025;1929.442500,5725.647141;63
0.258819,0.965926;1753.489874,5504.389648;63
0.857493,0.514496;496.879059,1489.770622;14
1.000000,-0.000000;3962.101740,3478.853682;109
0.707107,0.707107;2205.765945,5435.759291;110
0.866025,0.500000;2524.388162,5081.952704;110
0.500000,0.866025;2016.590330,5563.525641;110
0.000000,1.000000;1648.274126,5761.410985;111
0.500000,0.866025;1895.536731,5707.638299;111
0.707107,0.707107;1950.907489,5584.639953;118
0.707107,0.707107;1974.864156,5693.176742;118
0.707107,0.707107;3821.209144,4062.606681;109
0.866025,0.500000;3930.914265,4016.364635;109
0.500000,0.866025;2005.359889,5647.327188;115
0.707107,0.707107;2251.609250,5376.752400;69
69
15
118
63
69
55
87
112
111
119
121
124
110
117
11
115
36
125
8
71
41
76
47
53
116
40
65
51
6
91
57
89
73
68
59
62
74
43
86
83
80
45
39
108
97
102
78
93
72
70
19
99
98
109
95
122
66
123
100
90
58
96
28
67
54
48
29
114
30
26
