3642.962188,3809.595118
3666.405020,3829.459322
3624.756528,3821.368545
3579.558023,3774.734504
3659.769660,3823.111054
3564.389000,3807.672720
3585.511025,3846.052974
3590.421125,3828.324357
3578.084778,3863.871897
3598.122027,3850.700750
3596.599556,3829.561306
3592.840578,3818.380310
3581.800810,3853.897929
3594.000242,3852.208926
3607.044972,3855.905869
3621.474844,3861.845106
3581.704311,3860.959196
3526.504205,3806.689684
3536.226874,3832.741278
3573.655097,3828.519035
3563.237732,3843.160174
3586.075840,3833.511640
3542.263829,3828.982368
3629.384914,3871.588593
3622.288830,3864.287800
3612.051961,3874.428669
3648.966247,3885.445992
3615.897878,3892.232477
3639.198120,3895.012147
3613.063036,3917.343630
3594.861331,3895.967396
3519.024693,3877.487988
3521.377083,3828.775892
3540.290178,3836.993943
3559.571442,3905.751307
3546.837719,3923.549127
3499.586677,3893.861371
3575.483604,3935.208816
3514.135663,3897.827723
3525.812199,3897.543785
2875.479226,4625.971043
2883.160744,4604.149536
2971.632813,4356.337285
2964.010388,4412.616847
2974.902868,4442.493202
2895.517979,4572.075002
2875.793201,4511.570487
2862.502248,4572.746664
2898.727732,4564.610408
2960.447831,4450.977310
2962.637606,4513.198588
2971.524517,4534.050498
2956.484826,4491.670193
2933.746368,4522.423235
2944.012552,4415.357985
2902.021493,4557.459026
2945.177595,4538.339660
2924.914827,4464.908815
2891.196277,4512.988741
2940.071898,4519.483989
2978.937635,4495.531836
2946.480665,4455.960519
2954.540578,4524.839784
2967.382727,4482.654367
2938.730295,4560.639189
2912.945255,4592.412503
2955.785004,4537.780393
2985.811133,4555.974559
2986.787697,4538.270060
3008.455460,4508.471207
3000.642921,4560.197184
3037.956032,4478.035719
3024.032364,4375.419140
3061.099840,4389.136403
3049.299018,4380.830104
3024.479872,4459.158105
3007.562332,4501.597639
2988.809506,4536.687275
2931.377479,4496.958990
2959.964359,4535.704728
2416.533047,5258.047103
2373.524585,5267.897971
2390.442078,5188.059122
2344.217608,5209.789589
2274.778423,5185.630621
2197.687268,5409.497768
2169.983520,5396.623632
2218.848662,5344.422540
2078.901470,5475.269778
2079.559973,5416.105558
2058.853121,5386.320003
1976.400257,5389.048969
1933.865856,5355.694380
1925.403924,5397.522949
1867.466408,5328.075380
1866.836430,5344.050193
1922.620064,5480.030254
1848.344099,5486.186921
1940.552072,5577.978040
1933.907171,5582.573661
1896.690105,5454.511419
1893.775304,5521.871871
1878.259322,5495.130569
1934.953843,5497.602757
1911.922132,5415.540219
1877.763353,5479.970064
1892.077221,5482.737919
1865.034317,5470.317060
1838.662581,5440.554801
1882.579722,5499.694309
1883.372180,5507.734166
1880.950435,5464.483108
1879.724716,5446.611010
1890.694961,5495.925197
1849.359450,5383.896533
1912.581982,5417.879707
1812.401563,5475.831506
1785.946754,5534.094277
1808.554663,5549.187554
1772.835888,5568.193906
2847.475323,4662.091777
2850.938531,4638.720520
2866.827934,4575.604389
2943.577570,4520.076654
2912.206683,4619.476567
2887.028887,4667.746968
2911.661326,4660.867262
2887.099456,4784.489937
2804.012107,4737.476101
2774.188492,4750.769628
2803.928546,4716.941586
2806.301800,4739.725726
2911.892583,4705.081829
2911.068329,4721.216523
2913.671547,4769.504852
2934.931147,4656.188366
2909.322563,4760.387814
2960.871176,4573.240982
2943.799357,4596.712004
2455.357338,3190.773122
2902.524341,4678.511446
2841.110356,4795.620311
2814.775276,4757.434506
2831.629584,4702.524098
2865.609772,4755.842885
2821.818687,4689.087550
2789.028049,4699.007188
2789.598082,4736.775270
2754.450847,4712.541073
2785.168583,4730.472131
2814.250540,4718.864820
2815.989082,4726.019942
2868.830361,4605.364033
2779.551472,4647.043967
2754.663287,4825.206586
2821.419853,4819.040831
2818.446487,4771.166978
2882.873277,4755.541486
2874.208302,4805.079088
2821.910809,4819.638551
3716.978252,3812.931197
3657.128664,3771.828607
3657.824328,3795.214815
3695.780229,3749.277463
3717.066246,3754.034142
3716.992095,3770.042154
3779.726808,3770.380603
3750.655360,3791.893780
3734.538051,3765.107423
3772.039578,3805.645140
3710.496930,3774.035515
3709.904356,3706.128998
3737.854930,3814.825828
3759.424594,3804.052752
3754.279855,3800.198465
3780.020276,3785.294121
3789.216085,3791.247653
3794.769086,3789.206135
3761.475753,3762.298466
3766.485604,3748.742850
3744.844425,3733.023431
3727.999107,3788.376601
3710.145716,3764.777356
3716.254454,3786.231142
3719.745416,3728.193909
3737.562264,3806.367936
3730.854850,3780.789742
3705.593467,3780.085747
3760.982822,3803.817581
3776.756677,3753.257969
3767.240883,3747.978623
3783.545291,3780.171625
3751.396042,3738.555304
3750.811035,3781.806810
3708.360584,3812.762126
3704.267353,3755.747760
3740.236558,3765.867395
3762.822212,3823.962478
3752.254188,3777.419161
3763.342082,3724.180476
2367.801659,5266.211719
2302.161465,5295.780803
2330.162763,5323.697880
2242.776358,5362.266559
2191.505529,5399.302632
2070.815960,5403.306185
2036.263135,5373.922229
2019.091764,5496.526864
1953.280000,5385.802968
1978.274834,5312.120977
1947.521686,5308.385892
1988.311564,5385.733300
1918.328885,5475.742100
1914.250015,5513.488499
1907.133587,5450.203175
1914.886714,5446.784764
2075.931715,5361.552579
2074.022430,5319.203532
2077.210030,5280.508794
2106.379284,5290.827787
2049.243616,5327.034110
2047.224130,5422.412450
2040.123483,5414.106268
1961.428478,5436.431793
1891.655552,5455.390115
1952.552591,5418.784435
1761.327726,5495.168550
1825.705832,5519.799883
1813.847975,5459.878216
1834.845608,5421.010140
1795.976419,5350.766036
1917.020238,5485.382934
1940.383971,5400.452668
1829.644170,5423.024033
1857.323305,5429.377868
1918.362398,5486.345098
1864.055240,5413.934324
1856.999070,5549.075752
1779.078321,5506.032246
1829.035112,5422.048022
