54
0.000000,1.000000;-100.000000,193.000806;-1
0.242536,0.970143;-100.000000,195.545048;-1
0.554700,0.832050;-100.000000,198.537985;-1
0.832050,0.554700;-100.000000,198.419399;-1
0.970143,0.242536;-100.000000,199.833015;-1
1.000000,0.000000;-100.000000,197.357311;-1
0.000000,1.000000;-100.000000,179.077429;0
0.000000,1.000000;-100.000000,180.552383;6
0.000000,1.000000;-100.000000,197.333774;7
0.000000,1.000000;-100.000000,197.599860;8
0.242536,0.970143;-100.000000,134.424295;1
0.242536,0.970143;-100.000000,155.242561;10
0.242536,0.970143;-100.000000,179.876727;11
0.242536,0.970143;-100.000000,185.038473;12
0.554700,0.832050;-100.000000,180.743307;2
0.554700,0.832050;-100.000000,183.869955;14
0.554700,0.832050;-100.000000,188.899223;15
0.554700,0.832050;-100.000000,197.361951;16
0.832050,0.554700;62.000000,50.683536;3
0.832050,0.554700;66.000000,47.104732;18
0.832050,0.554700;67.500000,45.829495;19
0.832050,0.554700;67.500000,46.727431;20
0.970143,0.242536;62.500000,56.362083;4
0.970143,0.242536;63.500000,49.216013;22
0.970143,0.242536;65.000000,47.605075;23
0.970143,0.242536;66.500000,45.866685;24
1.000000,0.000000;34.000000,68.029211;5
1.000000,0.000000;43.000000,61.601167;26
1.000000,0.000000;50.000000,54.154658;27
1.000000,0.000000;54.000000,52.794712;28
0.885951,0.463778;-100.000000,190.412633;14
0.815748,0.578408;66.500000,46.567149;24
0.838298,0.545212;-100.000000,190.304127;7
0.550555,0.834799;-100.000000,196.428013;16
0.646076,0.763273;66.500000,48.237454;25
0.509004,0.860764;-100.000000,174.644792;10
0.807453,0.589931;55.000000,56.124891;29
0.989180,0.146707;50.500000,56.052676;27
0.954904,0.296915;54.000000,53.837935;28
0.977151,0.212547;-100.000000,196.346938;15
0.564519,0.825420;-100.000000,188.902469;35
0.819297,0.573369;67.500000,46.074593;31
0.669740,0.742595;-100.000000,197.197155;32
0.941939,0.335784;49.000000,55.410671;27
0.813920,0.580977;-100.000000,164.544597;30
0.411861,0.911247;-100.000000,198.318580;18
0.982770,0.184834;54.000000,52.770090;28
0.914844,0.403807;62.500000,50.059832;22
0.353994,0.935248;53.000000,68.850243;38
0.556708,0.830708;-100.000000,175.602928;11
0.629457,0.777035;44.500000,87.881343;28
0.923696,0.383125;67.500000,45.215494;19
0.999930,0.011858;67.500000,45.087708;21
0.798343,0.602203;-100.000000,174.358272;11
32
45
9
30
32
13
15
14
7
35
53
44
11
27
10
48
37
43
28
36
38
29
22
18
47
23
24
34
19
21
41
20
51
