-100.000000,196.293304
-100.000000,196.321776
-100.000000,196.518440
-100.000000,196.453436
-100.000000,196.515932
-100.000000,196.636066
-100.000000,196.731710
-100.000000,196.471793
-100.000000,196.674558
-100.000000,196.553839
-100.000000,196.727751
-100.000000,196.951548
-100.000000,197.087944
-100.000000,197.246478
-100.000000,197.331740
-100.000000,197.379339
-100.000000,197.424612
-100.000000,197.477698
-100.000000,197.529550
-100.000000,197.539354
-100.000000,196.770091
-100.000000,197.208650
-100.000000,197.540898
-100.000000,197.511951
-100.000000,197.401121
-100.000000,197.278820
-100.000000,196.757610
-100.000000,196.270827
-100.000000,195.880165
-100.000000,195.155503
-100.000000,195.538774
-100.000000,196.377615
-100.000000,196.370700
-100.000000,196.124159
-100.000000,196.314569
-100.000000,196.453897
-100.000000,196.663118
-100.000000,196.501909
-100.000000,196.611131
-100.000000,196.479522
-100.000000,197.163969
-100.000000,197.541066
-100.000000,197.868924
-100.000000,197.910669
-100.000000,197.687724
-100.000000,197.363095
-100.000000,196.598562
-100.000000,196.035374
-100.000000,195.220959
-100.000000,193.984500
-100.000000,193.799687
-100.000000,193.589431
-100.000000,193.399305
-100.000000,193.356125
-100.000000,193.702745
-100.000000,193.857699
-100.000000,194.336330
-100.000000,194.480107
-100.000000,194.323345
-100.000000,194.336105
67.500000,45.883142
67.500000,45.889382
67.500000,45.893608
67.500000,45.895448
67.500000,45.896326
67.500000,45.886752
67.500000,45.896151
67.500000,45.906271
67.500000,45.895311
67.500000,45.894992
67.500000,45.890198
67.500000,45.879685
67.500000,45.876229
67.500000,45.870584
67.500000,45.872105
67.500000,45.862523
67.500000,45.848433
67.500000,45.855754
67.500000,45.845167
67.500000,45.839836
67.500000,44.797241
67.500000,44.796086
67.500000,44.791770
67.500000,44.787686
67.500000,44.784336
67.500000,44.784048
67.500000,44.783381
67.500000,44.785529
67.500000,44.790277
67.500000,44.793106
67.500000,44.789656
67.500000,44.789300
67.500000,44.786001
67.500000,44.787492
67.500000,44.787079
67.500000,44.790264
67.500000,44.784901
67.500000,44.787192
67.500000,44.784159
67.500000,44.781702
66.000000,47.206517
66.000000,47.164493
66.000000,47.172881
66.000000,47.129224
66.000000,47.108335
66.000000,47.085422
66.000000,47.089494
66.000000,47.076304
66.000000,47.086290
66.000000,47.104605
66.000000,47.062382
66.000000,47.075292
66.000000,47.067955
66.000000,47.062421
66.500000,46.725503
66.000000,47.083686
66.500000,46.703523
66.000000,47.060574
66.500000,46.703359
66.500000,46.688957
