-100.000000,198.244725
-100.000000,198.349732
-100.000000,198.332915
-100.000000,198.459073
-100.000000,198.544765
-100.000000,198.485195
-100.000000,198.399723
-100.000000,198.299136
-100.000000,198.077671
-100.000000,197.957209
-100.000000,197.823258
-100.000000,197.656631
-100.000000,197.449374
-100.000000,197.559734
-100.000000,197.588593
-100.000000,197.518144
-100.000000,197.363540
-100.000000,197.410215
-100.000000,197.400584
-100.000000,197.329271
-100.000000,196.991272
-100.000000,197.286203
-100.000000,197.215556
-100.000000,197.233423
-100.000000,197.683892
-100.000000,196.579662
-100.000000,196.239535
-100.000000,195.741557
-100.000000,194.918552
-100.000000,194.716686
-100.000000,194.378228
-100.000000,193.778394
-100.000000,194.046308
-100.000000,194.587036
-100.000000,194.183182
-100.000000,195.092684
-100.000000,195.679744
-100.000000,195.915364
-100.000000,195.957450
-100.000000,196.240102
-100.000000,197.074555
-100.000000,197.327178
-100.000000,197.453168
-100.000000,197.619226
-100.000000,197.826465
-100.000000,197.608181
-100.000000,197.410581
-100.000000,197.007327
-100.000000,196.395438
-100.000000,196.025690
-100.000000,195.228943
-100.000000,194.410710
-100.000000,193.582842
-100.000000,194.269281
-100.000000,194.163780
-100.000000,194.831649
-100.000000,194.357827
-100.000000,194.178408
-100.000000,193.511490
-100.000000,194.789912
67.500000,47.268370
67.500000,47.266139
67.500000,47.266814
67.500000,47.253445
67.500000,47.269750
67.500000,47.278831
67.500000,47.280563
67.500000,47.282184
67.500000,47.289002
67.000000,47.727724
67.500000,47.302355
67.500000,47.313833
67.000000,47.766689
67.000000,47.758199
67.000000,47.756102
67.000000,47.766244
67.000000,47.771519
67.000000,47.775590
67.000000,47.774695
67.000000,47.778819
67.500000,44.895177
67.500000,44.894071
67.500000,44.905616
67.500000,44.898074
67.500000,44.895563
67.500000,44.896748
67.500000,44.899653
67.500000,44.898130
67.500000,44.895004
67.500000,44.883335
67.500000,44.878881
67.500000,44.870637
67.500000,44.869545
67.500000,44.866379
67.500000,44.863244
67.500000,44.864275
67.500000,44.861054
67.500000,44.855827
67.500000,44.860483
67.500000,44.855823
66.000000,47.584795
66.000000,47.580282
66.000000,47.557252
66.000000,47.534705
66.000000,47.551167
66.000000,47.553507
66.000000,47.581405
66.000000,47.530380
66.000000,47.536561
66.000000,47.561054
66.000000,47.507924
66.000000,47.498436
66.000000,47.503910
66.000000,47.512676
66.000000,47.528219
66.000000,47.462134
66.000000,47.423164
66.000000,47.406948
66.000000,47.416532
66.000000,47.412881
