84
0.000000,1.000000;194.257334,-60.214988;-1
0.242536,0.970143;-88.755336,-74.882372;-1
0.554700,0.832050;-33.392342,-40.982654;-1
0.832050,0.554700;84.954709,-15.938025;-1
0.970143,0.242536;143.772284,-11.453341;-1
1.000000,0.000000;427.757566,-329.970621;-1
0.000000,1.000000;1645.715975,2952.530599;0
0.000000,1.000000;2019.508339,4132.422821;6
0.000000,1.000000;2011.286094,4695.846894;7
0.000000,1.000000;1909.839892,5359.005138;8
0.000000,1.000000;1821.576602,5518.456120;9
0.242536,0.970143;454.442788,1197.044522;1
0.242536,0.970143;402.779015,1431.216047;11
0.242536,0.970143;450.880732,1452.164395;12
0.242536,0.970143;422.267989,1483.416989;13
0.242536,0.970143;415.734180,1556.476951;14
0.554700,0.832050;2201.339828,2017.184416;2
0.554700,0.832050;2787.607284,3165.116928;16
0.554700,0.832050;2974.033563,3557.844125;17
0.554700,0.832050;3240.858614,3764.173781;18
0.554700,0.832050;3094.418164,3852.045359;19
0.832050,0.554700;2100.317789,2140.988943;3
0.832050,0.554700;2736.224030,3105.567538;21
0.832050,0.554700;3083.919676,3338.822452;22
0.832050,0.554700;3119.079709,3553.576267;23
0.832050,0.554700;3324.098613,3662.787856;24
0.970143,0.242536;2503.170239,1181.092716;4
0.970143,0.242536;3070.248684,3013.334738;26
0.970143,0.242536;3255.900397,3083.581671;27
0.970143,0.242536;3527.346931,3138.327042;28
0.970143,0.242536;3649.473607,3197.890768;29
1.000000,0.000000;993.493233,-199.900004;5
1.000000,0.000000;1636.698423,-38.841871;31
1.000000,0.000000;1676.525348,-132.631779;32
1.000000,0.000000;1646.343231,-198.448375;33
1.000000,0.000000;1713.799725,-196.090316;34
0.707107,0.707107;2167.573111,5255.136142;10
0.718900,0.695113;3623.419671,3524.645172;30
0.707107,0.707107;2355.189883,4968.738024;8
0.064359,0.997927;2984.384988,4006.713399;20
0.707107,0.707107;2419.003711,4635.120554;7
0.707107,0.707107;2355.099972,5069.792254;9
0.000000,1.000000;1715.229500,5362.589633;36
0.970143,0.242536;2833.914378,4274.353989;40
0.000000,1.000000;1696.102997,5595.772345;41
1.000000,-0.000000;2841.462770,3980.062973;38
0.064359,0.997927;2819.090624,4146.490335;39
0.707107,0.707107;2476.883523,5150.005561;36
0.970143,0.242536;3711.372629,3281.024111;30
0.258819,0.965926;2432.896619,4971.213594;43
0.000000,1.000000;2844.309047,4248.409385;46
0.718900,0.695113;2590.710248,4740.492947;43
0.874313,0.485363;3824.915871,3531.548977;37
0.707107,0.707107;2541.743236,5129.661226;47
0.885951,0.463778;532.314000,1440.218116;13
0.815748,0.578408;2470.051018,4653.062467;40
0.838298,0.545212;2408.987249,5017.977944;10
0.412415,0.910996;3020.082251,3801.055393;24
0.454198,0.890901;3054.805595,3770.552067;24
0.950244,0.311507;2600.769862,4600.937725;9
0.970143,0.242536;3839.753621,3483.821246;52
0.514496,0.857493;3721.796545,3838.617045;52
0.000000,1.000000;1590.201663,5681.987179;44
0.980581,0.196116;3433.936868,3653.822547;19
0.970143,0.242536;2888.777387,4561.080216;51
0.866025,0.500000;2583.052789,5129.392229;53
0.016820,0.999859;3525.812199,3897.543785;61
0.970143,0.242536;2959.964359,4535.704728;64
0.000000,1.000000;1772.835888,5568.193906;47
0.874313,0.485363;2821.910809,4819.638551;64
0.718900,0.695113;3763.342082,3724.180476;61
0.258819,0.965926;1829.035112,5422.048022;47
0.000000,1.000000;1626.148185,5364.253907;53
0.874313,0.485363;2990.678065,4686.583417;67
0.016820,0.999859;3653.922683,3977.421282;70
0.000000,1.000000;1589.695190,5682.382889;62
0.718900,0.695113;2902.233727,4893.763495;69
0.514496,0.857493;2772.050759,5047.570134;69
0.016820,0.999859;2468.461545,5142.215093;76
0.016820,0.999859;3520.312188,4104.080069;74
0.998489,0.054952;2885.541627,4076.642829;59
0.275029,0.961436;2641.009681,5119.518140;69
0.275029,0.961436;2810.930475,5043.590333;73
0.275029,0.961436;2670.866951,5136.630367;76
58
15
75
62
44
72
68
42
10
71
9
54
11
36
8
41
47
78
65
53
83
81
77
51
82
59
69
76
64
73
67
43
50
46
80
45
39
57
20
58
18
79
19
66
25
74
23
63
61
21
70
37
28
52
16
60
48
30
26
