150
0.000000,1.000000;-100.000000,193.000806;-1
0.242536,0.970143;-100.000000,195.545048;-1
0.554700,0.832050;-100.000000,198.537985;-1
0.832050,0.554700;-100.000000,198.419399;-1
0.970143,0.242536;-100.000000,199.833015;-1
1.000000,0.000000;-100.000000,197.357311;-1
0.000000,1.000000;-100.000000,179.077429;0
0.000000,1.000000;-100.000000,180.552383;6
0.000000,1.000000;-100.000000,197.333774;7
0.000000,1.000000;-100.000000,197.599860;8
0.242536,0.970143;-100.000000,134.424295;1
0.242536,0.970143;-100.000000,155.242561;10
0.242536,0.970143;-100.000000,179.876727;11
0.242536,0.970143;-100.000000,185.038473;12
0.554700,0.832050;-100.000000,180.743307;2
0.554700,0.832050;-100.000000,183.869955;14
0.554700,0.832050;-100.000000,188.899223;15
0.554700,0.832050;-100.000000,197.361951;16
0.832050,0.554700;62.000000,50.683536;3
0.832050,0.554700;66.000000,47.104732;18
0.832050,0.554700;67.500000,45.829495;19
0.832050,0.554700;67.500000,46.727431;20
0.970143,0.242536;62.500000,56.362083;4
0.970143,0.242536;63.500000,49.216013;22
0.970143,0.242536;65.000000,47.605075;23
0.970143,0.242536;66.500000,45.866685;24
1.000000,0.000000;34.000000,68.029211;5
1.000000,0.000000;43.000000,61.601167;26
1.000000,0.000000;50.000000,54.154658;27
1.000000,0.000000;54.000000,52.794712;28
0.980581,0.196116;53.000000,80.844749;14
0.997927,0.064359;67.500000,45.125945;21
0.896410,0.443227;-100.000000,196.803624;16
0.660132,0.751150;66.500000,50.047500;20
0.947266,0.320449;67.500000,45.478810;21
0.443227,0.896410;-100.000000,199.430997;18
0.443227,0.896410;64.500000,54.488932;19
0.660132,0.751150;66.500000,49.250623;19
0.196116,0.980581;28.000000,98.442136;19
0.832050,0.554700;67.500000,47.152443;21
0.832050,0.554700;67.000000,47.894576;33
0.947266,0.320449;46.500000,61.303597;35
0.997927,0.064359;67.500000,45.600075;39
0.980581,0.196116;60.500000,52.869896;30
0.443227,0.896410;64.500000,53.843482;33
0.660132,0.751150;66.000000,51.316562;40
0.443227,0.896410;67.000000,48.286354;34
0.443227,0.896410;66.500000,50.233243;20
0.997927,0.064359;67.500000,45.172889;42
0.660132,0.751150;16.500000,125.813389;41
0.196116,0.980581;64.500000,54.598799;45
0.947266,0.320449;67.000000,48.437986;44
0.832050,0.554700;67.500000,47.499160;39
0.443227,0.896410;66.000000,52.017406;40
0.751150,0.660132;45.000000,92.123954;30
0.947266,0.320449;67.000000,48.297154;53
0.832050,0.554700;64.000000,49.583756;38
0.832050,0.554700;65.500000,52.911493;49
0.832050,0.554700;65.500000,52.794920;50
0.997927,0.064359;67.000000,47.960312;49
0.196116,0.980581;-100.000000,199.029422;49
0.660132,0.751150;-100.000000,178.978753;49
0.443227,0.896410;-100.000000,198.356748;49
0.947266,0.320449;67.500000,45.471324;42
0.947266,0.320449;67.000000,47.631447;57
0.947266,0.320449;67.500000,45.929285;39
0.751150,0.660132;62.500000,50.582244;54
0.997927,0.064359;67.500000,44.978777;20
0.832050,0.554700;67.000000,48.025100;51
0.997927,0.064359;67.500000,45.648827;33
0.660132,0.751150;66.000000,51.329302;33
0.832050,0.554700;67.000000,48.987988;57
0.997927,0.064359;67.500000,44.982197;69
0.443227,0.896410;63.000000,60.021403;71
0.832050,0.554700;67.000000,48.340280;47
0.660132,0.751150;67.000000,48.922295;69
0.660132,0.751150;66.500000,50.163850;21
0.660132,0.751150;65.500000,52.467050;71
0.947266,0.320449;67.500000,45.271520;69
0.443227,0.896410;66.500000,50.417323;39
0.660132,0.751150;66.500000,50.837672;75
0.443227,0.896410;65.500000,52.546547;74
0.660132,0.751150;66.500000,49.952773;39
0.443227,0.896410;65.500000,52.508986;75
0.947266,0.320449;67.500000,45.203667;20
0.832050,0.554700;67.000000,48.867153;80
0.660132,0.751150;66.000000,51.829221;80
0.443227,0.896410;64.500000,54.495503;51
0.832050,0.554700;66.500000,50.414764;58
0.997927,0.064359;67.000000,47.105904;57
0.832050,0.554700;67.500000,46.759577;69
0.832050,0.554700;67.000000,48.869458;79
0.832050,0.554700;66.500000,48.869308;77
0.832050,0.554700;67.000000,49.160817;53
0.947266,0.320449;67.000000,48.204532;49
0.660132,0.751150;-100.000000,178.977261;38
0.660132,0.751150;66.000000,51.613582;93
0.443227,0.896410;65.500000,53.075863;93
0.832050,0.554700;67.000000,48.087907;93
0.832050,0.554700;67.000000,48.106894;71
0.443227,0.896410;-100.000000,173.778841;38
0.196116,0.980581;-100.000000,178.786232;38
0.832050,0.554700;66.500000,50.316460;97
0.947266,0.320449;67.000000,49.054395;97
0.980581,0.196116;64.000000,48.793176;54
0.896410,0.443227;63.500000,49.546978;54
0.554700,0.832050;-100.000000,188.841054;54
0.320449,0.947266;-100.000000,195.707500;54
0.660132,0.751150;66.000000,51.372169;103
0.947266,0.320449;67.500000,46.663691;93
0.997927,0.064359;67.500000,46.341386;93
0.064359,0.997927;-100.000000,194.908643;54
0.832050,0.554700;26.000000,80.134118;35
0.660132,0.751150;-100.000000,196.054809;35
0.443227,0.896410;66.000000,52.129046;103
0.947266,0.320449;67.500000,46.955875;103
0.997927,0.064359;47.000000,56.442866;112
0.947266,0.320449;46.500000,58.912184;112
0.832050,0.554700;59.000000,65.641934;112
0.660132,0.751150;57.000000,63.658773;112
0.660132,0.751150;28.500000,121.079572;119
0.832050,0.554700;67.000000,48.405780;103
0.660132,0.751150;67.000000,48.885221;115
0.832050,0.554700;66.500000,50.220288;114
0.443227,0.896410;-100.000000,198.167116;112
0.196116,0.980581;-100.000000,197.955557;112
0.660132,0.751150;61.000000,59.462442;118
0.832050,0.554700;63.000000,57.190807;120
0.660132,0.751150;62.000000,61.972538;73
0.997927,0.064359;67.500000,46.654226;103
0.443227,0.896410;66.500000,51.020526;121
0.997927,0.064359;64.500000,52.249893;120
0.660132,0.751150;-100.000000,198.090035;120
0.443227,0.896410;-100.000000,197.782613;119
0.832050,0.554700;67.000000,49.185973;130
0.660132,0.751150;66.000000,52.180732;130
0.947266,0.320449;64.500000,52.457418;120
0.443227,0.896410;-100.000000,198.244482;120
0.997927,0.064359;66.000000,51.655684;128
0.443227,0.896410;48.500000,86.766558;73
0.947266,0.320449;65.500000,47.489386;118
0.832050,0.554700;65.000000,49.359334;118
0.832050,0.554700;65.500000,52.260716;128
0.997927,0.064359;65.500000,47.507851;118
0.196116,0.980581;-100.000000,192.118318;127
0.196116,0.980581;4.000000,122.986004;128
0.660132,0.751150;66.500000,50.655132;134
0.196116,0.980581;14.000000,133.239888;73
0.443227,0.896410;66.000000,51.850950;134
0.832050,0.554700;67.000000,48.543684;134
48
145
147
49
120
38
112
54
35
60
113
107
106
13
14
7
100
11
30
27
10
41
117
116
118
119
28
128
126
73
127
22
43
50
87
97
57
135
114
130
80
134
93
149
51
39
115
20
69
