50.500000,56.712776
50.500000,57.317432
50.000000,58.277220
50.000000,59.094853
49.500000,60.609498
49.500000,62.119709
49.000000,64.328365
47.000000,68.097009
47.500000,71.055030
48.000000,74.059757
47.000000,79.362201
45.000000,83.748219
9.000000,110.102592
12.500000,113.396899
13.000000,117.670331
13.000000,121.888969
12.500000,125.757256
-100.000000,141.671121
-100.000000,150.340114
-100.000000,157.011891
-100.000000,199.121769
-100.000000,198.870489
-100.000000,198.041841
-100.000000,197.202743
-100.000000,195.622648
-100.000000,195.789959
-100.000000,196.191250
-100.000000,196.847164
-100.000000,196.829165
-100.000000,197.209720
-100.000000,197.518485
-100.000000,198.071022
-100.000000,198.602736
-100.000000,198.821704
-100.000000,198.604088
-100.000000,197.246148
-100.000000,194.448265
-100.000000,190.281556
-100.000000,187.557464
-100.000000,182.511473
62.500000,49.914314
62.500000,49.872294
62.500000,49.820556
62.500000,49.618647
63.000000,49.323316
63.000000,49.366741
63.000000,49.335455
63.000000,49.273260
63.500000,48.906628
63.500000,48.820584
63.500000,49.032158
64.000000,48.714480
64.000000,48.813410
64.500000,48.423287
64.500000,48.456543
64.500000,48.445780
65.000000,48.068872
65.000000,48.011073
65.000000,47.979106
65.500000,47.592933
-100.000000,169.618600
-100.000000,179.863048
-100.000000,189.159063
-100.000000,196.496149
-100.000000,196.970171
-100.000000,194.653651
-100.000000,192.776609
-100.000000,193.012616
-100.000000,194.220443
-100.000000,196.201409
-100.000000,197.284187
-100.000000,197.359137
-100.000000,195.947836
-100.000000,192.872225
-100.000000,188.744445
-100.000000,185.199630
-100.000000,182.717343
-100.000000,177.326826
-100.000000,176.306752
-100.000000,188.825707
50.500000,70.745805
51.000000,70.566994
51.000000,69.023255
51.000000,69.088085
51.000000,69.926360
51.000000,68.940632
51.000000,68.929339
51.000000,69.561268
51.000000,69.126363
50.500000,68.749135
51.000000,68.926046
51.000000,68.005475
51.000000,67.166352
50.500000,66.952485
51.000000,67.165540
51.000000,67.353492
51.000000,67.678260
51.500000,67.725945
51.500000,68.065899
51.000000,68.040356
-100.000000,196.001055
-100.000000,196.991931
-100.000000,197.243607
-100.000000,198.230595
-100.000000,198.536946
-100.000000,199.097819
-100.000000,199.417431
-100.000000,199.497565
-100.000000,199.525859
-100.000000,199.412682
-100.000000,199.361590
-100.000000,199.232463
-100.000000,198.621033
-100.000000,197.779239
-100.000000,197.408656
-100.000000,195.746515
-100.000000,193.232604
-100.000000,195.028784
-100.000000,197.281741
-100.000000,198.353378
