150
0.000000,1.000000;-100.000000,192.920132;-1
0.242536,0.970143;-100.000000,195.489522;-1
0.554700,0.832050;-100.000000,198.523023;-1
0.832050,0.554700;-100.000000,198.407472;-1
0.970143,0.242536;-100.000000,199.832117;-1
1.000000,0.000000;-100.000000,197.327119;-1
0.000000,1.000000;-100.000000,192.762444;0
0.000000,1.000000;-100.000000,199.252173;6
0.000000,1.000000;-100.000000,198.833180;7
0.000000,1.000000;-100.000000,198.974963;8
0.242536,0.970143;-100.000000,191.366377;1
0.242536,0.970143;-100.000000,199.286535;10
0.242536,0.970143;-100.000000,199.198717;11
0.242536,0.970143;-100.000000,199.220760;12
0.554700,0.832050;-100.000000,199.801921;2
0.554700,0.832050;-100.000000,199.726195;14
0.554700,0.832050;-100.000000,199.684512;15
0.554700,0.832050;-100.000000,199.700657;16
0.832050,0.554700;63.000000,138.702195;3
0.832050,0.554700;66.000000,145.312534;18
0.832050,0.554700;65.500000,151.558235;19
0.832050,0.554700;65.500000,152.824189;20
0.970143,0.242536;21.000000,130.127890;4
0.970143,0.242536;64.000000,140.774816;22
0.970143,0.242536;66.000000,142.990971;23
0.970143,0.242536;67.000000,144.622351;24
1.000000,0.000000;30.500000,129.580175;5
1.000000,0.000000;42.500000,110.462207;26
1.000000,0.000000;50.000000,106.129345;27
1.000000,0.000000;54.000000,112.386164;28
0.007604,0.999971;-100.000000,198.658354;9
0.253359,0.967372;-100.000000,199.211657;13
0.566752,0.823889;-100.000000,199.669603;17
0.839990,0.542602;65.500000,153.765674;21
0.972757,0.231825;67.000000,144.350134;25
1.000000,0.000000;55.000000,114.241035;29
0.015324,0.999883;-100.000000,198.369715;30
0.264294,0.964442;-100.000000,199.069727;31
0.578747,0.815507;-100.000000,199.646727;32
0.847706,0.530466;65.500000,153.770784;33
0.975221,0.221231;67.000000,144.591783;34
1.000000,0.000000;55.500000,114.262826;35
0.023160,0.999732;-100.000000,198.312040;36
0.275337,0.961348;-100.000000,199.060429;37
0.590678,0.806908;-100.000000,199.672526;38
0.855198,0.518302;65.500000,153.769506;39
0.977539,0.210754;67.000000,144.978897;40
1.000000,0.000000;56.000000,115.154217;41
0.031113,0.999516;-100.000000,198.206779;42
0.286486,0.958084;-100.000000,199.093919;43
0.602534,0.798093;-100.000000,199.677197;44
0.862465,0.506117;65.500000,153.258795;45
0.979715,0.200396;67.000000,144.915482;46
1.000000,0.000000;56.000000,114.528252;47
0.039186,0.999232;-100.000000,198.191697;48
0.297737,0.954648;-100.000000,199.014781;49
0.614307,0.789067;-100.000000,199.665144;50
0.869507,0.493921;65.500000,153.348717;51
0.981753,0.190159;67.000000,145.180977;52
1.000000,0.000000;56.000000,114.575494;53
0.047378,0.998877;-100.000000,198.150546;54
0.309086,0.951034;-100.000000,198.970454;55
0.625988,0.779833;-100.000000,199.665068;56
0.876324,0.481722;65.500000,153.298252;57
0.983658,0.180045;67.000000,144.843201;58
1.000000,0.000000;56.000000,114.574004;59
0.055690,0.998448;-100.000000,198.111834;60
0.320530,0.947238;-100.000000,198.917997;61
0.637568,0.770394;-100.000000,199.661689;62
0.882917,0.469528;65.500000,153.491658;63
0.985435,0.170053;67.000000,144.674378;64
1.000000,0.000000;56.000000,114.929799;65
0.064125,0.997942;-100.000000,198.132831;66
0.332065,0.943257;-100.000000,198.944229;67
0.649037,0.760757;-100.000000,199.612210;68
0.889288,0.457348;65.500000,153.324384;69
0.987087,0.160185;67.000000,143.747683;70
1.000000,0.000000;56.000000,115.481314;71
0.072682,0.997355;-100.000000,198.010885;72
0.343686,0.939085;-100.000000,198.841906;73
0.660388,0.750925;-100.000000,199.624275;74
0.895437,0.445189;65.500000,153.310970;75
0.988619,0.150442;67.500000,143.535503;76
1.000000,0.000000;56.000000,117.188286;77
0.081362,0.996685;-100.000000,198.155736;78
0.355388,0.934719;-100.000000,198.841216;79
0.671611,0.740904;-100.000000,199.646521;80
0.901366,0.433058;65.500000,153.105297;81
0.990035,0.140824;67.500000,143.391395;82
1.000000,0.000000;56.000000,117.495782;83
0.090166,0.995927;-100.000000,198.226715;84
0.367167,0.930155;-100.000000,198.831109;85
0.682698,0.730700;-100.000000,199.668808;86
0.907077,0.420964;65.500000,153.149322;87
0.991339,0.131331;67.500000,142.891655;88
1.000000,0.000000;54.500000,117.237378;89
0.099095,0.995078;-100.000000,198.266701;90
0.379016,0.925390;-100.000000,198.770807;91
0.693642,0.720320;-100.000000,199.663810;92
0.912573,0.408913;65.500000,152.893450;93
0.992535,0.121964;67.500000,143.014009;94
1.000000,0.000000;62.000000,135.722281;95
0.108149,0.994135;-100.000000,198.424869;96
0.390931,0.920420;-100.000000,198.789951;97
0.704433,0.709770;-100.000000,199.658056;98
0.917857,0.396911;65.500000,152.845826;99
0.993627,0.112722;67.500000,142.552098;100
1.000000,0.000000;64.500000,134.362638;101
0.117327,0.993093;-100.000000,198.436272;102
0.402905,0.915242;-100.000000,198.765854;103
0.715066,0.699057;-100.000000,199.661783;104
0.922931,0.384966;65.500000,152.955771;105
0.994618,0.103606;67.500000,142.107625;106
1.000000,0.000000;65.000000,133.879141;107
0.126632,0.991950;-100.000000,198.504434;108
0.414933,0.909852;-100.000000,198.719605;109
0.725532,0.688188;-100.000000,199.683499;110
0.927798,0.373083;65.500000,152.976064;111
0.995514,0.094615;67.500000,141.848090;112
1.000000,0.000000;65.000000,133.053051;113
0.136062,0.990700;-100.000000,198.548036;114
0.427006,0.904249;-100.000000,198.625876;115
0.735825,0.677172;-100.000000,199.673887;116
0.932462,0.361268;65.500000,152.950421;117
0.996317,0.085749;67.500000,141.595111;118
1.000000,0.000000;65.500000,133.675881;119
0.145617,0.989341;-100.000000,198.536282;120
0.439120,0.898429;-100.000000,198.539928;121
0.745938,0.666016;-100.000000,199.657346;122
0.936926,0.349527;65.500000,152.869588;123
0.997031,0.077006;67.500000,141.075754;124
1.000000,0.000000;65.500000,133.569928;125
0.155298,0.987868;-100.000000,198.607902;126
0.451265,0.892390;-100.000000,198.558121;127
0.755865,0.654728;-100.000000,199.657095;128
0.941195,0.337865;65.500000,152.850250;129
0.997659,0.068388;67.500000,140.788456;130
1.000000,0.000000;66.000000,134.547710;131
0.165104,0.986276;-100.000000,198.608218;132
0.463436,0.886130;-100.000000,198.497824;133
0.765600,0.643317;-100.000000,199.664544;134
0.945271,0.326286;65.500000,152.863333;135
0.998205,0.059892;67.500000,140.510423;136
1.000000,0.000000;66.000000,134.472803;137
0.175033,0.984563;-100.000000,198.623483;138
0.475624,0.879649;-100.000000,198.518750;139
0.775139,0.631791;-100.000000,199.657472;140
0.949159,0.314797;65.500000,152.972264;141
0.998672,0.051519;67.500000,140.751720;142
1.000000,0.000000;66.000000,134.276707;143
13
22
26
27
39
45
58
46
88
100
14
15
6
10
