-100.000000,197.823841
-100.000000,197.667212
-100.000000,197.402954
-100.000000,197.403633
-100.000000,197.206872
-100.000000,197.591865
-100.000000,197.854362
-100.000000,197.942532
-100.000000,198.035125
-100.000000,197.992302
-100.000000,198.215208
-100.000000,198.257288
-100.000000,198.253028
-100.000000,198.248056
-100.000000,198.151309
-100.000000,198.122468
-100.000000,198.177710
-100.000000,198.274124
-100.000000,198.143979
-100.000000,197.892579
-100.000000,195.993164
-100.000000,195.777056
-100.000000,196.493434
-100.000000,196.000231
-100.000000,196.994002
-100.000000,196.266103
-100.000000,195.998599
-100.000000,195.581821
-100.000000,195.295049
-100.000000,196.057789
-100.000000,196.979019
-100.000000,197.529117
-100.000000,197.347720
-100.000000,196.866278
-100.000000,196.626908
-100.000000,197.406901
-100.000000,197.428482
-100.000000,197.739866
-100.000000,197.966750
-100.000000,197.401315
-100.000000,196.806122
-100.000000,196.948568
-100.000000,197.638907
-100.000000,197.615472
-100.000000,197.677458
-100.000000,197.609385
-100.000000,197.756972
-100.000000,197.598669
-100.000000,197.595112
-100.000000,197.580309
-100.000000,197.638919
-100.000000,197.531876
-100.000000,197.315361
-100.000000,197.052134
-100.000000,197.025216
-100.000000,197.238084
-100.000000,197.439490
-100.000000,197.652795
-100.000000,197.656322
-100.000000,197.618784
67.500000,46.902834
67.500000,46.905407
67.500000,46.896254
67.500000,46.886076
67.500000,46.911663
67.500000,46.917913
67.500000,46.934526
67.500000,46.956424
67.500000,46.929986
67.500000,46.959401
67.500000,46.963446
67.500000,46.944825
67.500000,46.975639
67.500000,46.966750
67.500000,46.960804
67.500000,46.931181
67.500000,46.918172
67.500000,46.881257
67.500000,46.840111
67.500000,46.809911
67.500000,44.751743
67.500000,44.750213
67.500000,44.754708
67.500000,44.739394
67.500000,44.740836
67.500000,44.740348
67.500000,44.731612
67.500000,44.705467
67.500000,44.697140
67.500000,44.703197
67.500000,44.680912
67.500000,44.686604
67.500000,44.709631
67.500000,44.695307
67.500000,44.694786
67.500000,44.672339
67.500000,44.679454
67.500000,44.665080
67.500000,44.673576
67.500000,44.698572
56.000000,51.344597
56.000000,51.349019
56.000000,51.349434
56.000000,51.358253
56.000000,51.351657
56.000000,51.385638
56.000000,51.419790
56.000000,51.413714
56.000000,51.443552
56.000000,51.440827
56.000000,51.412534
56.000000,51.435929
56.000000,51.428023
56.000000,51.381858
56.000000,51.414326
56.000000,51.398561
56.000000,51.389939
56.000000,51.407901
56.000000,51.467828
56.000000,51.467408
