60
0.000000,1.000000;-100.000000,192.920132;-1
0.242536,0.970143;-100.000000,195.489522;-1
0.554700,0.832050;-100.000000,198.523023;-1
0.832050,0.554700;-100.000000,198.407472;-1
0.970143,0.242536;-100.000000,199.832117;-1
1.000000,0.000000;-100.000000,197.327119;-1
0.000000,1.000000;-100.000000,192.762444;0
0.000000,1.000000;-100.000000,199.252173;6
0.000000,1.000000;-100.000000,198.833180;7
0.000000,1.000000;-100.000000,198.974963;8
0.242536,0.970143;-100.000000,191.366377;1
0.242536,0.970143;-100.000000,199.286535;10
0.242536,0.970143;-100.000000,199.198717;11
0.242536,0.970143;-100.000000,199.220760;12
0.554700,0.832050;-100.000000,199.801921;2
0.554700,0.832050;-100.000000,199.726195;14
0.554700,0.832050;-100.000000,199.684512;15
0.554700,0.832050;-100.000000,199.700657;16
0.832050,0.554700;63.000000,138.702195;3
0.832050,0.554700;66.000000,145.312534;18
0.832050,0.554700;65.500000,151.558235;19
0.832050,0.554700;65.500000,152.824189;20
0.970143,0.242536;21.000000,130.127890;4
0.970143,0.242536;64.000000,140.774816;22
0.970143,0.242536;66.000000,142.990971;23
0.970143,0.242536;67.000000,144.622351;24
1.000000,0.000000;30.500000,129.580175;5
1.000000,0.000000;42.500000,110.462207;26
1.000000,0.000000;50.000000,106.129345;27
1.000000,0.000000;54.000000,112.386164;28
0.007604,0.999971;-100.000000,198.658354;9
0.253359,0.967372;-100.000000,199.211657;13
0.566752,0.823889;-100.000000,199.669603;17
0.839990,0.542602;65.500000,153.765674;21
0.972757,0.231825;67.000000,144.350134;25
1.000000,0.000000;55.000000,114.241035;29
0.015324,0.999883;-100.000000,198.369715;30
0.264294,0.964442;-100.000000,199.069727;31
0.578747,0.815507;-100.000000,199.646727;32
0.847706,0.530466;65.500000,153.770784;33
0.975221,0.221231;67.000000,144.591783;34
1.000000,0.000000;55.500000,114.262826;35
0.023160,0.999732;-100.000000,198.312040;36
0.275337,0.961348;-100.000000,199.060429;37
0.590678,0.806908;-100.000000,199.672526;38
0.855198,0.518302;65.500000,153.769506;39
0.977539,0.210754;67.000000,144.978897;40
1.000000,0.000000;56.000000,115.154217;41
0.031113,0.999516;-100.000000,198.206779;42
0.286486,0.958084;-100.000000,199.093919;43
0.602534,0.798093;-100.000000,199.677197;44
0.862465,0.506117;65.500000,153.258795;45
0.979715,0.200396;67.000000,144.915482;46
1.000000,0.000000;56.000000,114.528252;47
0.039186,0.999232;-100.000000,198.191697;48
0.297737,0.954648;-100.000000,199.014781;49
0.614307,0.789067;-100.000000,199.665144;50
0.869507,0.493921;65.500000,153.348717;51
0.981753,0.190159;67.000000,145.180977;52
1.000000,0.000000;56.000000,114.575494;53
13
22
26
27
39
45
58
46
47
59
14
15
6
10
