67.500000,47.044812
67.500000,46.897622
67.500000,46.732133
67.500000,46.617546
67.500000,46.533447
67.500000,46.446098
67.500000,46.324002
67.500000,46.219533
67.500000,46.169408
67.500000,46.137090
67.500000,46.088588
67.500000,46.029009
67.500000,45.975543
67.500000,45.899039
67.500000,45.834202
67.500000,45.807920
67.500000,45.739193
67.500000,45.696141
67.500000,45.650433
67.500000,45.600075
51.000000,84.662400
54.500000,77.038513
54.500000,76.383617
53.500000,77.064877
52.000000,80.299683
54.000000,73.613322
56.500000,66.605539
56.500000,66.781391
58.000000,63.649009
58.500000,62.080114
59.000000,59.867651
59.500000,59.219654
59.000000,59.484187
59.500000,58.979848
60.000000,57.205810
60.000000,55.951486
60.000000,55.427000
60.000000,54.991259
60.500000,53.597125
60.500000,52.869896
66.500000,50.213506
66.500000,50.317049
66.000000,50.913972
66.000000,51.045417
66.000000,51.142684
66.000000,51.234456
66.000000,51.331122
66.000000,51.449834
66.000000,51.602672
65.500000,52.210076
65.500000,52.358154
65.500000,52.365063
65.500000,52.491368
65.500000,52.569738
65.000000,53.065919
65.000000,53.115190
65.000000,53.199680
65.000000,53.284191
64.500000,53.868682
64.500000,53.843482
67.000000,48.056119
67.000000,48.281417
67.000000,48.441797
67.000000,48.596766
67.000000,48.733576
67.000000,48.854707
67.000000,49.084426
67.000000,49.208843
66.500000,49.799143
66.500000,49.868627
66.500000,49.970708
66.500000,50.146353
66.500000,50.275904
66.500000,50.467853
66.500000,50.543371
66.500000,50.625937
66.500000,50.747082
66.500000,50.750533
66.000000,51.313006
66.000000,51.316562
67.500000,45.552737
67.500000,45.680524
67.500000,45.804847
67.500000,45.953123
67.500000,46.049965
67.500000,46.126213
67.500000,46.273657
67.500000,46.421327
67.500000,46.531752
67.500000,46.647148
67.500000,46.765634
67.500000,46.876674
67.500000,47.022487
67.500000,47.150317
67.500000,47.236068
67.500000,47.390577
67.500000,47.469996
67.500000,47.615184
67.000000,48.141223
67.000000,48.286354
67.500000,46.002227
67.500000,46.258101
67.000000,46.895036
67.000000,47.116654
67.000000,47.344829
67.000000,47.633724
67.000000,47.853698
67.000000,48.102811
67.000000,48.313613
66.500000,49.031289
66.500000,49.221625
66.500000,49.284899
66.500000,49.432765
66.500000,49.612171
66.500000,49.722749
66.500000,49.753914
66.500000,49.790459
66.500000,49.992377
66.500000,50.088851
66.500000,50.233243
