42
0.000000,1.000000;-100.000000,192.920132;-1
0.242536,0.970143;-100.000000,195.489522;-1
0.554700,0.832050;-100.000000,198.523023;-1
0.832050,0.554700;-100.000000,198.407472;-1
0.970143,0.242536;-100.000000,199.832117;-1
1.000000,0.000000;-100.000000,197.327119;-1
0.000000,1.000000;-100.000000,192.762444;0
0.000000,1.000000;-100.000000,199.252173;6
0.000000,1.000000;-100.000000,198.833180;7
0.000000,1.000000;-100.000000,198.974963;8
0.242536,0.970143;-100.000000,191.366377;1
0.242536,0.970143;-100.000000,199.286535;10
0.242536,0.970143;-100.000000,199.198717;11
0.242536,0.970143;-100.000000,199.220760;12
0.554700,0.832050;-100.000000,199.801921;2
0.554700,0.832050;-100.000000,199.726195;14
0.554700,0.832050;-100.000000,199.684512;15
0.554700,0.832050;-100.000000,199.700657;16
0.832050,0.554700;63.000000,138.702195;3
0.832050,0.554700;66.000000,145.312534;18
0.832050,0.554700;65.500000,151.558235;19
0.832050,0.554700;65.500000,152.824189;20
0.970143,0.242536;21.000000,130.127890;4
0.970143,0.242536;64.000000,140.774816;22
0.970143,0.242536;66.000000,142.990971;23
0.970143,0.242536;67.000000,144.622351;24
1.000000,0.000000;30.500000,129.580175;5
1.000000,0.000000;42.500000,110.462207;26
1.000000,0.000000;50.000000,106.129345;27
1.000000,0.000000;54.000000,112.386164;28
0.885951,0.463778;66.000000,149.058452;19
0.307432,0.951570;64.000000,154.762877;19
0.909760,0.415135;51.500000,123.745626;28
0.550555,0.834799;23.500000,136.689528;27
0.978564,0.205945;67.000000,146.433075;20
0.950244,0.311507;55.000000,121.055202;29
0.996018,0.089148;66.000000,139.787273;33
0.541011,0.841015;64.000000,156.543082;31
0.960610,0.277901;-100.000000,199.757049;15
0.622128,0.782916;64.500000,153.060838;30
0.775219,0.631692;-100.000000,199.427747;10
0.727157,0.686471;65.000000,154.008853;20
17
33
22
26
27
37
31
41
21
30
34
19
36
29
14
38
6
10
