126
0.000000,1.000000;332.146237,1296.270389;-1
0.242536,0.970143;114.393578,526.410608;-1
0.554700,0.832050;142.845067,1217.653120;-1
0.832050,0.554700;344.313547,1495.486322;-1
0.970143,0.242536;186.030347,644.719636;-1
1.000000,0.000000;280.431769,1478.031679;-1
0.000000,1.000000;500.273686,2265.874120;0
0.000000,1.000000;499.711831,2488.816096;6
0.000000,1.000000;500.009453,2499.552033;7
0.000000,1.000000;499.837726,2498.859864;8
0.242536,0.970143;502.142263,1914.233889;1
0.242536,0.970143;505.071422,2487.744104;10
0.242536,0.970143;505.115290,2496.234269;11
0.242536,0.970143;774.875268,2445.466044;12
0.554700,0.832050;504.580738,2262.624103;2
0.554700,0.832050;643.380329,2352.329392;14
0.554700,0.832050;2163.424833,1978.543999;15
0.554700,0.832050;2357.120796,1959.954679;16
0.832050,0.554700;871.607568,2235.621961;3
0.832050,0.554700;2198.052073,1130.376461;18
0.832050,0.554700;2429.441649,1085.973934;19
0.832050,0.554700;2445.690366,1239.151808;20
0.970143,0.242536;989.348642,1850.448533;4
0.970143,0.242536;1881.671573,1489.948686;22
0.970143,0.242536;2357.345756,1339.180517;23
0.970143,0.242536;2385.137432,1230.260124;24
1.000000,0.000000;965.951283,1844.511187;5
1.000000,0.000000;2001.261273,1170.706656;26
1.000000,0.000000;2394.775961,824.163210;27
1.000000,0.000000;2404.727644,687.787780;28
0.980581,0.196116;2419.912857,1793.749018;17
0.242536,0.970143;921.910773,2423.634807;13
0.896410,0.443227;2408.801601,1869.599680;17
0.485363,0.874313;1202.800211,2350.570118;13
0.000000,1.000000;499.961401,2499.106599;9
0.064359,0.997927;501.906516,2487.620981;17
0.242536,0.970143;1151.724996,2378.949734;33
0.997927,0.064359;2449.710033,1003.753348;21
0.064359,0.997927;502.021258,2474.132109;16
0.196116,0.980581;1705.983783,2020.301269;21
0.947266,0.320449;2437.197377,1288.696025;21
0.896410,0.443227;2409.148122,1896.351350;32
0.320449,0.947266;2354.082582,2060.895516;41
0.832050,0.554700;2441.358129,1425.435130;37
0.196116,0.980581;504.328591,2477.679888;39
0.554700,0.832050;2377.005013,2005.078204;32
0.707107,0.707107;877.916742,2403.799028;8
0.896410,0.443227;2427.771013,1924.509556;41
0.064359,0.997927;798.663365,2384.898471;45
0.320449,0.947266;2328.437534,2076.712820;45
0.064359,0.997927;508.478438,2482.361825;42
0.997927,0.064359;2449.250893,1329.701186;43
0.554700,0.832050;2392.943691,2043.069041;42
0.320449,0.947266;2337.342665,2093.089890;42
0.064359,0.997927;507.632329,2483.278962;53
0.997927,0.064359;2453.336496,1322.400406;51
0.196116,0.980581;2149.632073,1834.368057;43
0.064359,0.997927;775.750071,2411.397408;52
0.980581,0.196116;2429.844310,1790.634665;30
0.660132,0.751150;2390.141314,1419.846504;20
0.064359,0.997927;505.709881,2483.998843;49
0.947266,0.320449;2448.839821,1297.862964;37
0.997927,0.064359;2453.929895,1351.000787;55
0.258819,0.965926;503.658313,2495.706871;8
0.660132,0.751150;2390.588800,1666.111392;43
0.000000,1.000000;499.461121,2499.295756;34
0.320449,0.947266;2341.288026,2102.488553;53
0.485363,0.874313;1168.347680,2370.661408;31
0.997927,0.064359;2452.325116,1382.489621;62
0.896410,0.443227;2434.571110,1933.567644;47
0.980581,0.196116;1542.119901,1548.073827;14
0.896410,0.443227;2410.645840,2009.495063;42
0.064359,0.997927;502.715505,2482.950482;66
0.980581,0.196116;2435.118761,1972.665411;71
0.554700,0.832050;2396.015992,2059.725342;52
0.980581,0.196116;2443.397317,1905.608540;69
0.896410,0.443227;2445.792746,1960.533832;69
0.751150,0.660132;2421.104081,2031.713818;52
0.064359,0.997927;815.625519,2405.075995;74
0.980581,0.196116;2440.006652,1947.092766;73
0.064359,0.997927;774.717352,2411.690639;77
0.000000,1.000000;499.721239,2498.152701;65
0.896410,0.443227;2437.097859,1988.814533;73
0.751150,0.660132;2393.604827,2075.058729;66
0.064359,0.997927;505.007454,2476.584549;83
0.896410,0.443227;2447.884385,1968.180757;76
0.980581,0.196116;2447.147238,1939.347072;76
0.980581,0.196116;2425.328816,2014.643019;74
0.896410,0.443227;2424.530619,2031.369894;74
0.751150,0.660132;2416.329909,2061.105670;74
0.064359,0.997927;2292.662941,2137.962136;89
0.980581,0.196116;2447.688532,1931.440899;86
0.554700,0.832050;2424.189427,2042.526840;82
0.980581,0.196116;2442.702015,1940.590311;79
0.554700,0.832050;2409.654055,2062.331021;88
0.751150,0.660132;2435.127608,2004.070470;79
0.064359,0.997927;2294.969556,2114.120523;94
0.064359,0.997927;501.860263,2477.701883;90
0.980581,0.196116;2437.063506,2001.830146;92
0.320449,0.947266;2341.324047,2136.506572;90
0.896410,0.443227;2437.977232,2037.602192;92
0.751150,0.660132;2416.704937,2060.384024;83
0.064359,0.997927;784.609991,2400.049646;99
0.320449,0.947266;2311.259735,2147.858944;99
0.980581,0.196116;2441.417756,2005.769891;100
0.064359,0.997927;2341.897861,2083.903015;95
0.242536,0.970143;1170.939076,2381.835545;36
0.242536,0.970143;1133.155332,2386.299201;67
0.064359,0.997927;812.404533,2413.312319;103
0.896410,0.443227;2436.923799,2015.797360;100
0.485363,0.874313;1464.775305,2287.956804;33
0.751150,0.660132;2386.465229,2118.093473;103
0.896410,0.443227;2399.254291,2118.126188;103
0.500000,0.866025;767.020061,2454.773969;8
0.064359,0.997927;897.837900,2358.654058;111
0.896410,0.443227;2447.832971,1968.576995;86
0.320449,0.947266;2345.828533,2151.926991;103
0.751150,0.660132;2440.105725,1992.419237;86
0.258819,0.965926;500.979709,2498.184109;65
0.751150,0.660132;2428.020749,2065.782318;94
0.064359,0.997927;2332.948931,2113.517325;119
0.751150,0.660132;2429.859910,2040.263701;100
0.320449,0.947266;2347.753002,2150.446343;116
0.896410,0.443227;2398.270277,2128.983380;116
0.751150,0.660132;2380.901013,2133.171621;116
0.896410,0.443227;2427.930557,2057.633265;94
52
8
65
6
14
15
10
113
13
108
78
46
31
114
36
107
106
67
33
26
22
110
39
70
122
116
123
112
94
83
119
125
109
104
86
79
58
30
64
59
43
27
68
62
55
51
40
25
21
20
37
28
29
