499.591923,2495.136678
499.535086,2494.654600
529.636963,2481.049055
526.168004,2477.358247
516.484587,2192.159074
505.190845,2021.247350
500.669874,1995.896094
610.060194,2268.765887
668.287390,2424.786866
670.636089,2422.293561
692.762220,2372.586487
676.269276,2255.389649
720.479093,2340.703854
710.684621,2201.706248
769.053681,2336.092426
776.286375,2331.323211
443.023903,1257.930179
780.675243,2101.495264
870.742330,2264.199515
881.633289,2239.235732
911.473378,2278.467018
964.440088,2282.900119
956.159577,2278.065305
964.380379,2227.182765
1037.032104,2233.227785
1017.450779,2238.386985
1074.927852,2221.733674
357.371723,736.215229
1095.395609,2171.888231
1148.491224,2183.453184
1116.631398,2181.423507
1209.892788,2211.310093
1169.491303,2188.102900
1230.984216,2225.574922
1251.829729,2207.762425
1279.908847,2209.666334
1270.918886,2201.321340
1342.308134,2199.720579
1258.857204,2099.061273
1377.416364,2191.651597
1331.189923,2101.053063
1415.862889,2189.876281
1420.096139,2181.756611
1446.707144,2176.011095
1476.010034,2163.358824
1376.950639,1962.419633
1540.104236,2150.799494
1323.578426,1870.397248
1575.373685,2140.841304
1569.560810,2126.192704
1629.392344,2118.082061
1609.113263,2132.578138
1667.222208,2092.216445
1612.186980,2049.856189
1680.596595,2038.668141
1150.506426,1409.526154
1721.104240,2061.697837
1732.248376,2050.227030
1746.630569,2031.808942
1751.750084,2026.564046
1761.493058,1984.794270
1761.535598,1975.314355
1819.112545,1949.651244
1800.385134,1956.936253
1847.478339,1927.393274
1583.373441,1655.904008
1866.259091,1875.095213
1898.618837,1886.768293
1908.454089,1860.685527
1917.870700,1857.979807
1867.890213,1795.239308
1934.054487,1767.207050
1856.584029,1725.889250
1966.906361,1758.487326
1964.714775,1743.024081
1984.313092,1727.552119
1977.105594,1731.708233
1859.889617,1584.874979
1817.820714,1514.696548
2014.392619,1651.106748
2020.142696,1621.739291
2036.836503,1611.528806
2029.661612,1620.275686
2055.598438,1566.167888
2055.194127,1543.281664
2062.840207,1525.935145
2059.084472,1513.333916
2029.043362,1461.408792
2048.094325,1407.630403
1381.740576,935.990090
