54
0.000000,1.000000;0.000000,150.000000;-1
0.242536,0.970143;0.000000,150.000000;-1
0.554700,0.832050;0.000000,150.000000;-1
0.832050,0.554700;0.000000,150.000000;-1
0.970143,0.242536;0.000000,150.000000;-1
1.000000,0.000000;0.000000,150.000000;-1
0.000000,1.000000;-13.388509,132.989568;0
0.000000,1.000000;-10.807772,149.802102;6
0.000000,1.000000;-7.168229,149.789817;7
0.000000,1.000000;-7.074272,149.853621;8
0.242536,0.970143;35.379217,148.087099;1
0.242536,0.970143;44.896848,147.446975;10
0.242536,0.970143;46.315123,148.582097;11
0.242536,0.970143;44.223670,148.342978;12
0.554700,0.832050;21.441200,79.039308;2
0.554700,0.832050;39.250031,129.674636;14
0.554700,0.832050;45.041443,144.886593;15
0.554700,0.832050;45.474376,148.541685;16
0.832050,0.554700;29.262374,111.563411;3
0.832050,0.554700;43.096738,140.440407;18
0.832050,0.554700;45.152257,147.298327;19
0.832050,0.554700;47.812456,147.924045;20
0.970143,0.242536;42.097703,97.238478;4
0.970143,0.242536;44.546499,101.596636;22
0.970143,0.242536;40.860237,119.436733;23
0.970143,0.242536;46.498680,139.741868;24
1.000000,0.000000;24.241048,68.801044;5
1.000000,0.000000;39.784273,100.601516;26
1.000000,0.000000;60.757709,71.081842;27
1.000000,0.000000;87.962102,60.263256;28
0.707107,0.707107;128.441938,118.585776;29
1.000000,0.000000;115.564860,59.253185;29
0.707107,0.707107;63.186253,133.139734;28
0.965926,0.258819;122.271034,76.932881;29
0.695113,0.718900;45.802170,148.039414;13
0.866025,0.500000;125.924203,102.727677;29
0.258819,0.965926;84.470470,144.340551;35
0.707107,0.707107;-6.428383,149.862540;9
0.500000,0.866025;-7.393999,149.872164;9
0.258819,0.965926;-7.522141,149.878372;9
0.000000,1.000000;-7.988190,149.876993;9
0.707107,0.707107;-1.657044,149.787891;8
0.866025,0.500000;207.728245,79.540012;30
0.707107,0.707107;203.889577,91.790532;30
1.000000,-0.000000;17.580630,143.117400;41
0.965926,0.258819;16.830050,145.365678;41
0.866025,0.500000;12.855921,147.223159;41
0.707107,0.707107;7.373430,149.160605;41
0.500000,0.866025;193.288328,110.046422;43
0.707107,0.707107;218.858035,86.898314;43
0.500000,0.866025;22.348367,148.063414;45
0.000000,1.000000;38.867143,149.539161;30
0.500000,0.866025;193.784833,106.418475;42
0.500000,0.866025;181.351036,113.000453;35
37
41
37
40
39
7
46
6
45
44
50
10
51
18
17
13
12
21
25
24
26
27
23
22
32
36
28
30
35
29
53
33
48
52
31
43
49
42
