-100.000000,198.394051
-100.000000,198.355320
-100.000000,198.319837
-100.000000,198.234796
-100.000000,198.275453
-100.000000,198.180665
-100.000000,198.083832
-100.000000,198.016852
-100.000000,197.966522
-100.000000,197.740487
-100.000000,197.611395
-100.000000,197.587892
-100.000000,197.736682
-100.000000,197.605012
-100.000000,197.672497
-100.000000,197.571480
-100.000000,197.275374
-100.000000,197.008579
-100.000000,196.866711
-100.000000,197.092913
-100.000000,198.397532
-100.000000,198.357227
-100.000000,198.329897
-100.000000,198.243355
-100.000000,198.301734
-100.000000,198.227517
-100.000000,198.149023
-100.000000,198.082453
-100.000000,198.032929
-100.000000,197.818860
-100.000000,197.681438
-100.000000,197.689077
-100.000000,197.847133
-100.000000,197.750879
-100.000000,197.869423
-100.000000,197.782869
-100.000000,197.469665
-100.000000,197.179591
-100.000000,197.017515
-100.000000,197.269246
-100.000000,198.412419
-100.000000,198.380490
-100.000000,198.359501
-100.000000,198.281161
-100.000000,198.333517
-100.000000,198.267464
-100.000000,198.167753
-100.000000,198.092943
-100.000000,198.042503
-100.000000,197.818112
-100.000000,197.667542
-100.000000,197.659915
-100.000000,197.839165
-100.000000,197.682436
-100.000000,197.843298
-100.000000,197.697296
-100.000000,197.407306
-100.000000,197.106744
-100.000000,196.985599
-100.000000,197.234445
62.500000,57.595160
63.000000,55.788128
63.000000,54.863939
63.000000,55.248967
63.000000,55.253089
63.000000,55.271975
63.000000,54.448781
63.000000,54.047304
63.000000,53.573744
63.000000,53.305576
63.000000,52.908550
63.000000,52.817586
63.000000,52.326285
63.000000,52.477293
63.500000,51.389680
63.000000,51.643168
63.000000,51.452929
63.500000,50.663982
63.500000,50.169539
63.500000,49.786833
67.500000,46.553021
67.500000,46.405465
67.500000,46.238189
67.500000,46.125143
67.500000,46.076724
67.500000,45.974265
67.500000,45.795751
67.500000,45.711977
67.500000,45.669444
67.500000,45.640472
67.500000,45.587702
67.500000,45.544909
67.500000,45.478018
67.500000,45.461706
67.500000,45.440318
67.500000,45.435571
67.500000,45.417482
67.500000,45.392924
67.500000,45.391654
67.500000,45.406671
67.500000,46.530091
67.500000,46.359464
67.500000,46.176308
67.500000,46.075838
67.500000,45.994952
67.500000,45.892274
67.500000,45.774201
67.500000,45.686879
67.500000,45.633609
67.500000,45.541530
67.500000,45.450638
67.500000,45.396452
67.500000,45.341495
67.500000,45.326927
67.500000,45.258582
67.500000,45.199986
67.500000,45.138414
67.500000,45.083996
67.500000,45.073242
67.500000,45.027952
