-100.000000,197.395292
-100.000000,197.343358
-100.000000,197.225268
-100.000000,197.102242
-100.000000,197.339825
-100.000000,197.271003
-100.000000,197.537016
-100.000000,197.661504
-100.000000,197.674312
-100.000000,197.526133
-100.000000,197.503311
-100.000000,197.528583
-100.000000,197.423925
-100.000000,197.510136
-100.000000,197.519790
-100.000000,197.555444
-100.000000,197.551202
-100.000000,197.478368
-100.000000,197.580023
-100.000000,197.623002
-100.000000,197.741160
-100.000000,197.336643
-100.000000,197.220230
-100.000000,196.837019
-100.000000,196.897348
-100.000000,196.537419
-100.000000,196.967298
-100.000000,197.318660
-100.000000,197.589590
-100.000000,197.316368
-100.000000,197.282614
-100.000000,197.355778
-100.000000,197.226053
-100.000000,197.155467
-100.000000,197.409877
-100.000000,197.535342
-100.000000,197.378013
-100.000000,197.489592
-100.000000,197.325847
-100.000000,196.742632
-100.000000,195.432939
-100.000000,194.907668
-100.000000,194.693195
-100.000000,194.400263
-100.000000,194.919404
-100.000000,195.178817
-100.000000,196.139452
-100.000000,196.586802
-100.000000,196.914286
-100.000000,196.733988
-100.000000,196.739708
-100.000000,196.815941
-100.000000,196.649619
-100.000000,196.797367
-100.000000,196.937037
-100.000000,196.933585
-100.000000,196.902028
-100.000000,196.995667
-100.000000,196.898533
-100.000000,196.935890
67.500000,47.285759
67.500000,47.307508
67.500000,47.290644
67.000000,47.731576
67.000000,47.748899
67.000000,47.771508
67.000000,47.778847
67.000000,47.767054
67.000000,47.745682
67.000000,47.756137
67.000000,47.756038
67.000000,47.757228
67.000000,47.746857
67.000000,47.729400
67.000000,47.737056
67.000000,47.738565
67.000000,47.735483
67.000000,47.757956
67.000000,47.760850
67.000000,47.774245
67.500000,44.877093
67.500000,44.863297
67.500000,44.858627
67.500000,44.857508
67.500000,44.860670
67.500000,44.849503
67.500000,44.840697
67.500000,44.845557
67.500000,44.847644
67.500000,44.850210
67.500000,44.854646
67.500000,44.860772
67.500000,44.852122
67.500000,44.849758
67.500000,44.851638
67.500000,44.863485
67.500000,44.870300
67.500000,44.860516
67.500000,44.865258
67.500000,44.857929
65.000000,49.812419
65.000000,49.763464
65.000000,49.738312
65.000000,49.588502
65.000000,49.568844
65.000000,49.540579
65.000000,49.440952
65.000000,49.383937
65.000000,49.171165
65.500000,48.672552
65.500000,48.646528
65.500000,48.615879
65.500000,48.453753
65.500000,48.330837
65.500000,48.331052
65.500000,48.312858
65.500000,48.341346
65.500000,48.317720
65.500000,48.305821
65.500000,48.198563
