-100.000000,197.895044
-100.000000,197.850849
-100.000000,197.863370
-100.000000,197.896910
-100.000000,197.917771
-100.000000,197.916862
-100.000000,197.928902
-100.000000,197.878775
-100.000000,197.848052
-100.000000,197.836915
-100.000000,197.836243
-100.000000,197.850404
-100.000000,197.835372
-100.000000,197.829690
-100.000000,197.836026
-100.000000,197.835115
-100.000000,197.837670
-100.000000,197.854102
-100.000000,197.810658
-100.000000,197.805356
-100.000000,199.027329
-100.000000,199.013948
-100.000000,199.028063
-100.000000,199.035261
-100.000000,199.035677
-100.000000,199.028635
-100.000000,199.032777
-100.000000,199.023655
-100.000000,199.019394
-100.000000,199.020087
-100.000000,199.018434
-100.000000,199.024547
-100.000000,199.015310
-100.000000,199.031432
-100.000000,199.037797
-100.000000,199.040365
-100.000000,199.040038
-100.000000,199.031291
-100.000000,199.034069
-100.000000,199.028050
-100.000000,199.576989
-100.000000,199.580389
-100.000000,199.572973
-100.000000,199.575363
-100.000000,199.580493
-100.000000,199.576120
-100.000000,199.564789
-100.000000,199.564171
-100.000000,199.564831
-100.000000,199.558670
-100.000000,199.563299
-100.000000,199.562993
-100.000000,199.569230
-100.000000,199.572352
-100.000000,199.568280
-100.000000,199.582742
-100.000000,199.586376
-100.000000,199.588484
-100.000000,199.580684
-100.000000,199.576838
65.500000,153.313420
65.500000,153.259116
65.500000,153.252757
65.500000,153.280270
65.500000,153.361268
65.500000,153.308405
65.500000,153.104895
65.500000,153.094599
65.500000,153.043175
65.500000,153.018956
65.500000,153.185597
65.500000,153.232308
65.500000,153.255494
65.500000,153.293463
65.500000,153.251397
65.500000,153.173215
65.500000,153.202197
65.500000,153.199636
65.500000,153.207836
65.500000,153.235233
67.000000,145.515626
67.000000,145.554269
67.000000,145.566123
67.000000,145.649731
67.000000,145.563982
67.000000,145.471617
67.000000,145.597338
67.000000,145.571305
67.000000,145.351461
67.000000,145.509029
67.000000,145.361801
67.000000,145.318542
67.000000,145.461616
67.000000,145.427745
67.000000,145.362713
67.000000,145.237107
67.000000,145.341082
67.000000,145.334591
67.000000,145.393781
67.000000,145.299537
56.000000,116.071109
56.000000,116.032064
56.000000,115.904239
56.000000,115.948404
56.000000,116.214967
56.000000,116.270981
56.000000,116.278854
56.000000,116.274973
56.000000,116.335490
56.000000,116.507611
56.000000,116.557797
56.000000,116.547521
56.000000,116.456832
56.000000,116.511313
56.000000,116.646801
56.000000,116.538170
56.000000,116.604015
56.000000,116.684086
56.000000,116.636486
56.000000,116.742175
