-100.000000,198.603568
-100.000000,198.668534
-100.000000,198.599749
-100.000000,198.686747
-100.000000,198.625898
-100.000000,198.523948
-100.000000,198.460064
-100.000000,198.428946
-100.000000,198.409049
-100.000000,198.342207
-100.000000,198.412068
-100.000000,198.468017
-100.000000,198.382758
-100.000000,198.326851
-100.000000,198.507755
-100.000000,198.412515
-100.000000,198.296756
-100.000000,198.243197
-100.000000,198.298871
-100.000000,198.352537
-100.000000,198.611247
-100.000000,198.684935
-100.000000,198.617902
-100.000000,198.707956
-100.000000,198.657194
-100.000000,198.581033
-100.000000,198.508746
-100.000000,198.478287
-100.000000,198.443865
-100.000000,198.379808
-100.000000,198.457141
-100.000000,198.526021
-100.000000,198.432795
-100.000000,198.373621
-100.000000,198.552443
-100.000000,198.449828
-100.000000,198.366706
-100.000000,198.308843
-100.000000,198.373342
-100.000000,198.419981
-100.000000,198.607189
-100.000000,198.679887
-100.000000,198.611986
-100.000000,198.700990
-100.000000,198.655858
-100.000000,198.566079
-100.000000,198.482157
-100.000000,198.457894
-100.000000,198.428468
-100.000000,198.359369
-100.000000,198.431995
-100.000000,198.475943
-100.000000,198.406397
-100.000000,198.345588
-100.000000,198.525470
-100.000000,198.420619
-100.000000,198.335955
-100.000000,198.265105
-100.000000,198.325477
-100.000000,198.359582
62.500000,55.827146
63.000000,55.861755
63.000000,54.935366
63.000000,53.939046
63.000000,53.662456
63.000000,53.060745
63.000000,52.893534
63.000000,53.226145
63.000000,52.815848
63.000000,52.930397
63.000000,52.625353
63.000000,52.197135
62.500000,52.079244
62.500000,51.582145
63.000000,50.986902
63.000000,50.588750
62.500000,50.684826
62.000000,50.826359
62.000000,50.534188
62.000000,50.258166
67.500000,46.602533
67.500000,46.472915
67.500000,46.351674
67.500000,46.284395
67.500000,46.209270
67.500000,46.083612
67.500000,46.007323
67.500000,45.901716
67.500000,45.830582
67.500000,45.745542
67.500000,45.652876
67.500000,45.578483
67.500000,45.544043
67.500000,45.501456
67.500000,45.441082
67.500000,45.391866
67.500000,45.342490
67.500000,45.315785
67.500000,45.321831
67.500000,45.300449
67.500000,46.578389
67.500000,46.403329
67.500000,46.266048
67.500000,46.176740
67.500000,46.057980
67.500000,45.951171
67.500000,45.859340
67.500000,45.749611
67.500000,45.609524
67.500000,45.563209
67.500000,45.468383
67.500000,45.390756
67.500000,45.313504
67.500000,45.245648
67.500000,45.215970
67.500000,45.191642
67.500000,45.181253
67.500000,45.163113
67.500000,45.141714
67.500000,45.125334
