108
0.000000,1.000000;-100.000000,192.920132;-1
0.242536,0.970143;-100.000000,195.489522;-1
0.554700,0.832050;-100.000000,198.523023;-1
0.832050,0.554700;-100.000000,198.407472;-1
0.970143,0.242536;-100.000000,199.832117;-1
1.000000,0.000000;-100.000000,197.327119;-1
0.000000,1.000000;-100.000000,192.762444;0
0.000000,1.000000;-100.000000,199.252173;6
0.000000,1.000000;-100.000000,198.833180;7
0.000000,1.000000;-100.000000,198.974963;8
0.242536,0.970143;-100.000000,191.366377;1
0.242536,0.970143;-100.000000,199.286535;10
0.242536,0.970143;-100.000000,199.198717;11
0.242536,0.970143;-100.000000,199.220760;12
0.554700,0.832050;-100.000000,199.801921;2
0.554700,0.832050;-100.000000,199.726195;14
0.554700,0.832050;-100.000000,199.684512;15
0.554700,0.832050;-100.000000,199.700657;16
0.832050,0.554700;63.000000,138.702195;3
0.832050,0.554700;66.000000,145.312534;18
0.832050,0.554700;65.500000,151.558235;19
0.832050,0.554700;65.500000,152.824189;20
0.970143,0.242536;21.000000,130.127890;4
0.970143,0.242536;64.000000,140.774816;22
0.970143,0.242536;66.000000,142.990971;23
0.970143,0.242536;67.000000,144.622351;24
1.000000,0.000000;30.500000,129.580175;5
1.000000,0.000000;42.500000,110.462207;26
1.000000,0.000000;50.000000,106.129345;27
1.000000,0.000000;54.000000,112.386164;28
0.000000,1.000000;-100.000000,199.617997;14
0.242536,0.970143;-100.000000,199.649787;14
0.554700,0.832050;64.000000,155.553341;21
0.832050,0.554700;65.000000,153.675698;21
0.970143,0.242536;66.500000,150.469195;21
1.000000,0.000000;67.500000,139.279698;25
0.000000,1.000000;-100.000000,199.581331;14
0.242536,0.970143;-100.000000,199.623543;14
0.554700,0.832050;64.000000,156.607455;32
0.832050,0.554700;64.500000,155.956926;32
0.970143,0.242536;66.500000,148.997934;34
1.000000,0.000000;67.500000,137.494686;35
0.000000,1.000000;-100.000000,199.641780;14
0.242536,0.970143;-100.000000,199.682780;14
0.554700,0.832050;64.000000,156.272551;38
0.832050,0.554700;65.000000,155.055133;39
0.970143,0.242536;66.500000,148.985173;34
1.000000,0.000000;67.500000,137.839768;35
0.000000,1.000000;-100.000000,199.639781;14
0.242536,0.970143;-100.000000,199.653893;14
0.554700,0.832050;63.500000,156.872168;38
0.832050,0.554700;64.500000,155.857002;38
0.970143,0.242536;66.500000,149.517364;34
1.000000,0.000000;67.500000,138.489838;35
0.000000,1.000000;-100.000000,199.599425;14
0.242536,0.970143;-100.000000,199.603831;14
0.554700,0.832050;64.000000,156.596540;38
0.832050,0.554700;64.500000,156.024873;38
0.970143,0.242536;66.500000,149.313411;34
1.000000,0.000000;67.500000,138.149288;35
0.000000,1.000000;-100.000000,199.647405;14
0.242536,0.970143;-100.000000,199.685569;14
0.554700,0.832050;64.000000,156.834296;38
0.832050,0.554700;64.500000,155.598070;38
0.970143,0.242536;66.500000,148.400239;34
1.000000,0.000000;67.500000,138.420886;35
0.000000,1.000000;-100.000000,199.634286;14
0.242536,0.970143;-100.000000,199.651318;14
0.554700,0.832050;63.500000,157.172526;62
0.832050,0.554700;64.500000,156.181537;62
0.970143,0.242536;66.500000,148.805289;34
1.000000,0.000000;67.500000,137.663440;35
0.000000,1.000000;-100.000000,199.728200;14
0.242536,0.970143;-100.000000,199.741000;14
0.554700,0.832050;63.500000,157.381244;68
0.832050,0.554700;64.000000,156.470412;62
0.970143,0.242536;66.500000,148.808845;34
1.000000,0.000000;67.500000,137.674630;35
0.000000,1.000000;-100.000000,199.599896;14
0.242536,0.970143;-100.000000,199.622526;14
0.554700,0.832050;63.500000,157.120682;74
0.832050,0.554700;64.000000,157.262634;74
0.970143,0.242536;66.500000,149.570674;34
1.000000,0.000000;67.500000,137.701851;35
0.000000,1.000000;-100.000000,199.698729;14
0.242536,0.970143;-100.000000,199.714385;14
0.554700,0.832050;63.500000,157.422051;81
0.832050,0.554700;64.000000,156.784372;81
0.970143,0.242536;66.500000,149.471640;34
1.000000,0.000000;67.500000,137.726693;35
0.000000,1.000000;-100.000000,199.568922;14
0.242536,0.970143;-100.000000,199.597208;14
0.554700,0.832050;63.500000,157.872573;81
0.832050,0.554700;64.000000,156.980830;81
0.970143,0.242536;66.500000,148.830633;34
1.000000,0.000000;67.500000,138.180034;35
0.000000,1.000000;-100.000000,199.563597;14
0.242536,0.970143;-100.000000,199.591375;14
0.554700,0.832050;63.500000,157.866510;92
0.832050,0.554700;64.000000,156.928193;81
0.970143,0.242536;66.500000,148.652652;34
1.000000,0.000000;67.500000,137.846999;35
0.000000,1.000000;-100.000000,199.685679;14
0.242536,0.970143;-100.000000,199.701016;14
0.554700,0.832050;63.500000,157.965696;92
0.832050,0.554700;64.000000,157.099323;92
0.970143,0.242536;66.500000,148.685834;34
1.000000,0.000000;67.500000,138.163618;35
17
22
26
27
104
92
63
45
34
82
19
25
35
53
14
73
6
10
