120
0.000000,1.000000;194.257334,-60.214988;-1
0.242536,0.970143;-88.755336,-74.882372;-1
0.554700,0.832050;-33.392342,-40.982654;-1
0.832050,0.554700;84.954709,-15.938025;-1
0.970143,0.242536;143.772284,-11.453341;-1
1.000000,0.000000;427.757566,-329.970621;-1
0.000000,1.000000;1645.715975,2952.530599;0
0.000000,1.000000;2019.508339,4132.422821;6
0.000000,1.000000;2011.286094,4695.846894;7
0.000000,1.000000;1909.839892,5359.005138;8
0.000000,1.000000;1821.576602,5518.456120;9
0.242536,0.970143;454.442788,1197.044522;1
0.242536,0.970143;402.779015,1431.216047;11
0.242536,0.970143;450.880732,1452.164395;12
0.242536,0.970143;422.267989,1483.416989;13
0.242536,0.970143;415.734180,1556.476951;14
0.554700,0.832050;2201.339828,2017.184416;2
0.554700,0.832050;2787.607284,3165.116928;16
0.554700,0.832050;2974.033563,3557.844125;17
0.554700,0.832050;3240.858614,3764.173781;18
0.554700,0.832050;3094.418164,3852.045359;19
0.832050,0.554700;2100.317789,2140.988943;3
0.832050,0.554700;2736.224030,3105.567538;21
0.832050,0.554700;3083.919676,3338.822452;22
0.832050,0.554700;3119.079709,3553.576267;23
0.832050,0.554700;3324.098613,3662.787856;24
0.970143,0.242536;2503.170239,1181.092716;4
0.970143,0.242536;3070.248684,3013.334738;26
0.970143,0.242536;3255.900397,3083.581671;27
0.970143,0.242536;3527.346931,3138.327042;28
0.970143,0.242536;3649.473607,3197.890768;29
1.000000,0.000000;993.493233,-199.900004;5
1.000000,0.000000;1636.698423,-38.841871;31
1.000000,0.000000;1676.525348,-132.631779;32
1.000000,0.000000;1646.343231,-198.448375;33
1.000000,0.000000;1713.799725,-196.090316;34
0.707107,0.707107;2167.573111,5255.136142;10
0.718900,0.695113;3623.419671,3524.645172;30
0.707107,0.707107;2355.189883,4968.738024;8
0.064359,0.997927;2984.384988,4006.713399;20
0.707107,0.707107;2419.003711,4635.120554;7
0.707107,0.707107;2355.099972,5069.792254;9
0.000000,1.000000;1696.102997,5595.772345;41
0.970143,0.242536;2833.914378,4274.353989;40
0.000000,1.000000;1696.102997,5595.772345;41
1.000000,-0.000000;2841.462770,3980.062973;38
0.064359,0.997927;2819.090624,4146.490335;39
0.707107,0.707107;2476.883523,5150.005561;36
0.970143,0.242536;2684.775320,4748.647027;42
0.000000,1.000000;2133.810729,4823.428449;43
0.866025,0.500000;2575.440150,4570.133510;40
0.258819,0.965926;1865.079388,5559.714099;47
0.718900,0.695113;2590.710248,4740.492947;43
0.874313,0.485363;3824.915871,3531.548977;37
0.970143,0.242536;3833.560518,3539.747985;53
0.000000,1.000000;1517.362658,5494.937939;36
0.514496,0.857493;3736.391190,3825.117185;53
0.866025,0.500000;2533.362482,5272.499015;51
0.970143,0.242536;2923.571869,4366.781885;48
0.500000,0.866025;2185.807395,5461.797601;36
0.016820,0.999859;1658.454170,5513.617117;59
0.000000,1.000000;1805.906160,5282.524955;58
0.500000,0.866025;1996.660267,5397.758932;59
0.514496,0.857493;3683.804784,3855.926590;56
1.000000,-0.000000;2817.725138,4668.693321;57
0.258819,0.965926;1747.392174,5509.692794;57
0.275029,0.961436;1963.685664,5597.813170;60
0.000000,1.000000;1688.246599,5529.931965;61
0.016820,0.999859;3579.229122,3982.407793;63
0.866025,0.500000;2594.104418,5095.578795;59
0.874313,0.485363;2780.012830,4654.929010;58
0.970143,0.242536;3895.274894,3743.443806;63
0.970143,0.242536;2532.332596,4929.442586;66
0.000000,1.000000;1765.750462,5544.520921;67
0.016820,0.999859;3473.650220,3992.608842;68
0.707107,0.707107;2285.920620,5237.910512;42
1.000000,-0.000000;2934.226934,4406.160457;64
0.874313,0.485363;2496.692739,5202.380162;66
0.970143,0.242536;2578.283857,5052.577941;72
0.514496,0.857493;2181.887064,5651.162529;77
0.275029,0.961436;1868.130796,5678.555134;66
0.000000,1.000000;1735.764716,5498.957438;51
0.718900,0.695113;3870.512624,3830.285397;71
0.000000,1.000000;1684.127431,5610.372531;10
0.970143,0.242536;3909.222416,3778.029569;82
0.874313,0.485363;2527.918349,5253.651301;77
0.866025,0.500000;2553.141813,5017.919832;69
0.965926,0.258819;2819.045922,4939.895071;69
0.718900,0.695113;2434.153105,5428.937661;77
0.874313,0.485363;3901.448377,3845.779442;82
0.514496,0.857493;3797.663754,3914.891190;89
0.970143,0.242536;2690.061481,5177.996161;88
0.275029,0.961436;1931.136666,5577.018862;88
0.514496,0.857493;2166.949183,5571.077842;88
0.718900,0.695113;2333.843507,5521.502423;88
1.000000,-0.000000;2907.860853,4701.082892;87
0.970143,0.242536;3927.577053,3811.205749;90
0.970143,0.242536;2733.628276,5008.644547;91
0.016820,0.999859;3657.274432,3989.183665;90
1.000000,-0.000000;2924.494132,4555.026943;95
0.866025,0.500000;2661.750569,5064.972366;57
0.016820,0.999859;1722.669214,5501.820532;79
0.970143,0.242536;3915.866231,3829.581751;96
0.016820,0.999859;1957.475516,5613.117158;97
0.874313,0.485363;3873.171368,3815.889830;96
0.874313,0.485363;2472.454505,5282.439972;88
0.874313,0.485363;2535.618193,5221.101704;85
0.874313,0.485363;2464.051503,5244.735523;79
0.016820,0.999859;3782.168682,3906.482318;102
0.016820,0.999859;1739.809228,5517.579794;103
0.970143,0.242536;2552.115271,5272.222220;94
0.514496,0.857493;3743.277975,3999.028877;98
0.718900,0.695113;3818.298698,3794.620614;89
0.965926,0.258819;2798.977609,4897.737070;87
0.970143,0.242536;3884.883045,3865.352920;108
0.718900,0.695113;2401.381558,5337.964674;109
0.866025,0.500000;2673.912178,5000.867282;87
0.874313,0.485363;3823.898483,3971.636567;111
0.857493,0.514496;514.655466,1529.811250;15
0.695113,0.718900;489.682689,1541.131782;15
64
15
55
14
83
42
73
109
80
51
103
66
62
79
93
59
36
94
8
88
115
105
107
110
57
69
86
91
100
97
116
48
50
87
113
64
70
95
99
76
58
46
45
39
20
18
74
19
68
25
111
98
117
108
90
56
114
89
84
71
54
53
29
30
26
