51.000000,84.928818
39.000000,99.421784
13.000000,120.099439
47.500000,89.951471
49.000000,87.891006
15.000000,121.943728
17.000000,120.877251
17.000000,123.172747
16.000000,134.534254
18.000000,127.070017
16.500000,122.620387
16.000000,121.069637
15.000000,132.270254
17.000000,124.038122
18.000000,120.975777
15.000000,132.293456
17.500000,117.765554
18.500000,115.414404
43.000000,94.188039
45.000000,92.123954
66.000000,51.951459
66.000000,51.775398
66.000000,51.586722
66.000000,51.481574
66.500000,50.859427
66.500000,50.715361
66.500000,50.627115
66.500000,50.504135
66.500000,50.414182
66.500000,50.247618
66.500000,50.107454
66.500000,49.929802
66.500000,49.858597
67.000000,49.286563
67.000000,49.064736
67.000000,48.909990
67.000000,48.736149
67.000000,48.619855
67.000000,48.452386
67.000000,48.297154
28.000000,95.082291
28.000000,92.567276
27.000000,92.845384
25.500000,92.368683
60.500000,59.867390
63.500000,55.715051
64.000000,54.459592
64.500000,53.157332
65.000000,52.248230
65.000000,51.751931
65.000000,51.446234
65.000000,51.054123
65.000000,50.809228
64.500000,50.833131
64.500000,50.581902
64.500000,50.156567
64.500000,49.749290
64.000000,49.926333
64.000000,49.693874
64.000000,49.583756
51.500000,84.137418
55.000000,77.462559
57.000000,72.854542
58.500000,69.673670
60.000000,66.766107
61.000000,64.562526
61.500000,63.458556
62.000000,62.665289
62.500000,61.211842
63.000000,60.150844
63.500000,59.244343
63.500000,58.758108
64.000000,57.530442
64.500000,56.761452
64.500000,56.268639
65.000000,55.115438
65.000000,54.782739
65.000000,54.451559
65.500000,53.262363
65.500000,52.911493
64.500000,54.574441
64.500000,54.590627
64.500000,54.514630
65.000000,54.015558
65.000000,53.947831
65.000000,53.916041
65.000000,53.907325
65.000000,53.909596
65.000000,53.875969
65.000000,53.824271
65.000000,53.771243
65.000000,53.721737
65.000000,53.671885
65.500000,53.115683
65.500000,53.128908
65.500000,52.988710
65.500000,52.988532
65.500000,52.927038
65.500000,52.938259
65.500000,52.794920
53.000000,81.571627
57.500000,71.787235
59.000000,68.324699
60.500000,65.004387
61.500000,62.366551
62.500000,60.562634
63.500000,57.876342
64.000000,56.326246
64.500000,55.133499
65.000000,53.575101
65.500000,51.790947
65.500000,51.064433
66.000000,50.376666
66.000000,49.807865
66.500000,49.143137
66.500000,48.994336
66.500000,48.788283
67.000000,48.308110
67.000000,48.205604
67.000000,47.960312
