67.000000,49.318687
66.500000,49.893925
66.500000,49.989253
66.500000,50.072989
66.500000,50.152213
66.500000,50.199079
66.500000,50.292258
66.500000,50.389360
66.500000,50.486391
66.500000,50.531182
66.500000,50.633961
66.500000,50.717052
66.500000,50.743399
66.500000,50.841756
66.000000,51.340911
66.000000,51.423804
66.000000,51.521386
66.000000,51.573510
66.000000,51.581481
66.000000,51.613582
66.500000,49.788907
66.500000,49.961321
66.500000,50.081328
66.500000,50.244604
66.500000,50.410032
66.500000,50.531600
66.500000,50.637837
66.000000,51.243420
66.000000,51.392797
66.000000,51.469998
66.000000,51.569279
66.000000,51.698611
66.000000,51.774981
66.000000,51.887373
66.000000,51.994147
65.500000,52.621514
65.500000,52.775200
65.500000,52.863870
65.500000,52.987880
65.500000,53.075863
67.000000,49.155509
67.000000,49.165938
67.000000,49.114519
67.000000,48.998742
67.000000,48.917468
67.000000,48.851376
67.000000,48.809833
67.000000,48.713164
67.000000,48.650382
67.000000,48.561704
67.000000,48.518698
67.000000,48.394968
67.000000,48.300753
67.000000,48.239620
67.000000,48.175613
67.000000,48.142341
67.000000,48.198692
67.000000,48.153040
67.000000,48.124212
67.000000,48.087907
67.000000,48.820361
67.000000,48.752377
67.000000,48.642389
67.000000,48.534125
67.000000,48.471070
67.000000,48.297080
67.000000,48.316703
67.000000,48.199606
67.000000,48.284511
67.000000,48.388368
67.000000,48.379481
67.000000,48.306329
67.000000,48.283086
67.000000,48.235729
67.000000,48.194893
67.000000,48.170198
67.000000,48.206803
67.000000,48.274983
67.000000,48.156844
67.000000,48.106894
28.000000,101.767115
27.500000,106.382028
22.500000,118.074451
-100.000000,154.012136
-100.000000,153.662275
-100.000000,152.717962
-100.000000,156.269645
-100.000000,157.052718
-100.000000,161.093193
-100.000000,163.211675
-100.000000,167.082460
-100.000000,167.513269
-100.000000,167.423385
-100.000000,166.879362
-100.000000,165.278258
-100.000000,164.841051
-100.000000,165.561314
-100.000000,170.241906
-100.000000,172.300951
-100.000000,173.778841
28.000000,102.624313
26.000000,110.982248
-100.000000,142.603859
-100.000000,154.144563
-100.000000,156.314962
-100.000000,161.391683
-100.000000,162.809509
-100.000000,167.562306
-100.000000,169.925565
-100.000000,172.125171
-100.000000,173.748294
-100.000000,170.856680
-100.000000,172.476971
-100.000000,172.717140
-100.000000,171.678087
-100.000000,170.733906
-100.000000,175.969267
-100.000000,179.382868
-100.000000,180.787141
-100.000000,178.786232
