-100.000000,197.742819
-100.000000,197.761360
-100.000000,197.684013
-100.000000,197.369857
-100.000000,197.121396
-100.000000,197.303867
-100.000000,197.364198
-100.000000,197.314214
-100.000000,197.257524
-100.000000,196.921262
-100.000000,196.704328
-100.000000,196.642592
-100.000000,196.726829
-100.000000,196.649209
-100.000000,196.799554
-100.000000,196.925456
-100.000000,196.877304
-100.000000,197.152471
-100.000000,197.358615
-100.000000,197.550413
-100.000000,195.532341
-100.000000,196.509222
-100.000000,197.212737
-100.000000,196.971520
-100.000000,197.076831
-100.000000,197.652053
-100.000000,197.928540
-100.000000,197.671157
-100.000000,197.919335
-100.000000,197.824011
-100.000000,197.688743
-100.000000,197.538027
-100.000000,197.228263
-100.000000,196.624318
-100.000000,196.437482
-100.000000,196.110867
-100.000000,196.067459
-100.000000,195.961079
-100.000000,195.804754
-100.000000,195.581478
-100.000000,196.861731
-100.000000,197.233534
-100.000000,197.178157
-100.000000,196.638043
-100.000000,196.316866
-100.000000,196.722907
-100.000000,196.137921
-100.000000,195.632545
-100.000000,195.256003
-100.000000,194.446546
-100.000000,193.295441
-100.000000,192.914447
-100.000000,192.441029
-100.000000,191.364209
-100.000000,191.925305
-100.000000,192.742331
-100.000000,193.936567
-100.000000,194.646517
-100.000000,195.340512
-100.000000,195.688471
67.000000,47.794223
67.000000,47.787444
67.000000,47.792917
67.000000,47.778811
67.000000,47.800045
67.000000,47.794889
67.000000,47.795734
67.000000,47.783237
67.000000,47.763586
67.000000,47.772005
67.000000,47.752049
67.000000,47.756345
67.000000,47.759778
67.000000,47.730977
67.000000,47.730204
67.000000,47.716933
67.500000,47.295350
67.500000,47.281541
67.000000,47.700905
67.000000,47.705732
67.500000,44.860661
67.500000,44.865559
67.500000,44.866219
67.500000,44.869352
67.500000,44.873306
67.500000,44.864909
67.500000,44.872228
67.500000,44.868519
67.500000,44.870918
67.500000,44.865183
67.500000,44.874871
67.500000,44.874100
67.500000,44.872440
67.500000,44.870396
67.500000,44.870783
67.500000,44.861022
67.500000,44.861992
67.500000,44.870708
67.500000,44.861944
67.500000,44.851565
66.000000,47.219900
66.000000,47.200728
66.000000,47.179498
66.000000,47.167157
66.000000,47.121486
66.000000,47.148086
66.000000,47.133386
66.000000,47.144920
66.000000,47.147865
66.000000,47.149935
66.000000,47.136090
66.000000,47.142178
66.000000,47.145701
66.000000,47.146449
66.000000,47.165543
66.000000,47.176179
66.000000,47.189500
66.000000,47.252869
66.000000,47.235120
66.000000,47.205993
