-100.000000,198.371015
-100.000000,198.477063
-100.000000,198.300541
-100.000000,198.441234
-100.000000,198.388205
-100.000000,198.115196
-100.000000,197.716126
-100.000000,197.372913
-100.000000,197.378509
-100.000000,197.393545
-100.000000,197.309897
-100.000000,197.595546
-100.000000,197.222505
-100.000000,197.229252
-100.000000,197.434826
-100.000000,197.468448
-100.000000,197.144849
-100.000000,197.236156
-100.000000,196.679975
-100.000000,196.348718
-100.000000,198.243657
-100.000000,198.401482
-100.000000,198.446990
-100.000000,198.529309
-100.000000,198.475606
-100.000000,198.507164
-100.000000,198.509183
-100.000000,198.502590
-100.000000,198.521838
-100.000000,198.473688
-100.000000,198.464239
-100.000000,198.515993
-100.000000,198.468191
-100.000000,198.433558
-100.000000,198.354984
-100.000000,198.319257
-100.000000,198.215734
-100.000000,198.093349
-100.000000,197.958889
-100.000000,197.612509
-100.000000,198.370462
-100.000000,198.536937
-100.000000,198.517906
-100.000000,198.435292
-100.000000,198.201752
-100.000000,198.300296
-100.000000,198.310966
-100.000000,198.298483
-100.000000,198.452125
-100.000000,198.514612
-100.000000,198.511538
-100.000000,198.611226
-100.000000,198.529522
-100.000000,198.494581
-100.000000,198.406885
-100.000000,198.390816
-100.000000,198.256186
-100.000000,198.050160
-100.000000,197.963571
-100.000000,197.644464
67.000000,47.831366
67.000000,47.826701
67.000000,47.827681
67.000000,47.853914
67.000000,47.844788
67.000000,47.862776
67.000000,47.849569
67.000000,47.845978
67.000000,47.867841
67.000000,47.850007
67.000000,47.825280
67.000000,47.781686
67.000000,47.768504
67.000000,47.766236
67.000000,47.758790
67.000000,47.756564
67.000000,47.758886
67.500000,47.333303
67.500000,47.318424
67.500000,47.352931
67.500000,44.907367
67.500000,44.907532
67.500000,44.902380
67.500000,44.894380
67.500000,44.899751
67.500000,44.904459
67.500000,44.898576
67.500000,44.898979
67.500000,44.899562
67.500000,44.899944
67.500000,44.898325
67.500000,44.897724
67.500000,44.896245
67.500000,44.894882
67.500000,44.895295
67.500000,44.895264
67.500000,44.894916
67.500000,44.894876
67.500000,44.894127
67.500000,44.890356
53.000000,58.915857
53.000000,58.806876
52.500000,60.509755
51.500000,62.687251
50.500000,64.796367
49.000000,67.634822
51.500000,62.904209
48.500000,68.648514
60.500000,59.281089
61.500000,57.324579
61.500000,57.339858
62.000000,56.275138
62.500000,55.442064
62.500000,55.138261
63.000000,54.267283
63.000000,53.998019
63.500000,53.518240
63.500000,53.137544
63.500000,53.182986
63.500000,53.155362
