3931.281936,3997.437332
3942.656651,4025.354594
3937.194083,4130.511596
3912.410790,4010.576973
3927.456340,3973.796664
3936.347368,3955.995004
3925.567087,3913.521408
3948.431545,4041.104913
3949.534794,4042.955848
3915.891605,4045.254074
3928.894613,4043.639762
3956.699876,4046.630649
3907.259755,4004.373309
3930.594762,4019.170681
3947.165779,4009.082375
3996.970024,4049.755426
3977.092452,4090.416529
3967.264893,3918.875291
3923.540664,3866.882579
3948.122123,3855.695522
3975.370348,3928.742264
3970.452698,3853.028926
3919.974216,3802.980727
3928.552301,3825.883338
3944.131667,3892.567115
3920.317337,3775.323285
3966.902470,3932.122529
3963.007787,3965.377930
3953.250860,4025.656485
3992.731476,4021.686672
3968.513187,3946.222150
3946.071816,3923.121761
3988.415882,3990.553297
3967.353534,3919.263253
3993.245397,3987.875999
3979.078364,3848.761761
3972.387872,3838.892338
3944.702888,3762.502453
3956.873873,3880.360249
3989.306152,3934.530083
2233.932931,5417.329999
2156.769305,5395.613064
2256.842953,5408.009682
2269.310408,5396.774367
2191.107676,5439.775885
2219.485032,5350.007965
2214.069232,5414.310703
2291.244917,5347.509861
2205.731218,5441.128463
2292.723287,5401.626320
2325.545323,5409.725251
2305.283639,5383.166410
2248.587728,5347.047789
2264.478515,5384.073179
2297.549320,5352.143213
2370.233492,5321.724343
2327.232646,5360.552372
2349.631955,5342.566478
2349.185922,5211.225584
2366.584012,5306.438550
2442.776754,5227.284496
2449.097832,5106.677154
2387.847631,5239.729186
2462.929947,5238.186968
2462.247053,5181.554610
2559.537973,5142.194008
2402.605477,5260.862694
2494.055957,5234.122333
2540.215123,5212.074285
2403.363890,5252.838468
2454.425472,5198.472935
2450.580094,5189.684155
2474.934659,5195.257023
2549.457629,5198.007954
2215.669782,3682.271756
2397.950343,4013.052861
2605.851908,5099.426128
2540.953733,5142.406658
2577.006574,5216.781992
2535.398319,5058.021270
2171.277457,5525.259722
2187.148015,5522.665977
2240.816331,5537.448570
2133.289989,5486.978435
2106.381599,5520.630833
2047.132007,5494.290021
2115.693618,5605.347137
2156.356741,5516.963665
1982.288381,5521.521618
2145.339189,5477.213339
2221.782111,5354.012588
2232.543539,5466.404933
2235.824122,5486.723214
2254.955443,5422.055161
2176.877267,5484.446351
2202.422642,5439.994812
2205.115453,5502.188092
2223.159031,5548.116491
2265.507722,5525.426202
2218.991851,5437.657033
2174.127844,5499.306177
2204.429204,5381.777216
2238.922427,5489.289795
2245.393130,5426.774407
2205.497101,5439.236710
2294.867354,5470.241896
2213.431225,5421.005907
2205.776323,5424.066211
2296.321205,5426.472833
2363.337554,5383.330435
2345.252856,5429.947142
2260.222796,5492.867554
2232.843217,5458.058552
2279.951462,5400.253092
2259.076020,5541.777295
2191.407770,5436.167030
2353.716269,5455.651023
2368.292745,5511.703610
2343.327991,5309.479646
2349.799720,5434.394725
2351.776791,5367.087067
2384.915428,5373.010645
2321.705755,5281.066305
2462.618861,5202.910383
2538.336598,5144.123081
2754.939592,4801.360683
2744.942242,4857.687294
2256.620305,3564.859607
2678.579086,5016.709404
2300.425642,3810.730338
2288.162623,3579.991720
2478.462382,4148.203678
1989.276861,3696.582931
2669.164112,5022.562914
2619.178368,4459.299539
2704.741780,5004.925155
2661.037717,5038.591495
2247.747616,3648.068872
2776.689613,4906.017823
2224.250003,3618.685931
2528.959723,4979.710552
2602.109290,4997.253107
2372.846399,3837.602505
2763.307642,4731.871957
2725.461186,4932.501779
2653.687379,5021.356951
2765.512932,4918.019489
2746.902427,4867.100881
2767.361417,4866.068965
2734.141001,4866.673019
2649.530721,4998.438693
2634.081810,4939.466912
2755.920109,4927.083081
2753.601654,4916.120120
2815.577853,4844.829333
2724.235191,4933.668151
2679.975311,4912.003618
2694.694248,4821.322866
2483.849733,3737.873128
2711.585787,4904.278771
3932.139245,4108.574012
3904.230264,4033.772161
3931.445477,4131.154327
3915.673798,4044.651081
3947.075103,4057.934229
3914.967771,4063.834470
3915.000663,4055.504025
3939.411275,4051.636276
3938.340295,4098.327719
3939.668240,4120.416128
3946.880826,4144.306067
3925.700129,4132.246244
3948.985168,4028.905906
3921.866043,3825.084589
3953.753684,3934.232501
3951.788528,4045.905179
3934.020120,4145.347740
3925.216342,4065.409362
3894.524220,4065.880137
3906.989411,4067.918669
3910.257793,4142.692970
3908.611744,3959.973740
3918.406974,3959.683135
3907.252665,3920.780534
3911.947111,4014.205228
3898.325283,4099.494664
3908.133992,4074.549408
3889.492649,4045.461246
3912.458359,3986.617987
3907.132836,3956.218470
3925.064221,3955.886850
3949.521659,4081.726441
3920.033121,4081.879760
3912.388099,4055.205798
3936.124197,3984.689974
3925.789174,4031.898915
3926.355277,3983.133490
3925.618013,4025.993032
3920.499847,3991.099134
3917.239295,3965.564945
2231.511373,5397.817735
2260.917049,5392.661643
2462.557280,5296.535888
2100.297042,4230.942144
2489.934536,5196.137462
2469.576799,5102.730854
2476.705126,5117.949964
2468.989254,5148.851026
2591.776936,5170.337093
2504.107157,5147.117417
2538.978924,5157.456902
2529.149927,5097.180032
2583.048498,5109.542706
2658.800672,5110.534017
2189.440945,3583.183028
2639.988982,5062.675894
2607.136326,5101.541217
2599.338727,5163.980037
2580.762247,5072.789598
2290.150501,3834.175255
2583.397548,4999.913656
2608.362990,4986.395757
2603.552475,5073.897391
2601.989290,5037.826838
2187.544330,3652.233234
2611.182060,5087.314492
2626.531582,5014.802331
2510.700682,5069.216299
2521.113284,5068.378344
2579.294248,5118.381903
2588.950258,5099.292140
2597.114793,5069.470430
2199.086640,3590.532458
2672.395985,5011.859783
2693.525438,4995.558741
2643.109387,4944.716427
2339.497037,3878.779710
2550.661932,5043.781241
2546.003842,5075.429686
2669.687807,4857.253416
