102
0.000000,1.000000;-100.000000,193.000806;-1
0.242536,0.970143;-100.000000,195.545048;-1
0.554700,0.832050;-100.000000,198.537985;-1
0.832050,0.554700;-100.000000,198.419399;-1
0.970143,0.242536;-100.000000,199.833015;-1
1.000000,0.000000;-100.000000,197.357311;-1
0.000000,1.000000;-100.000000,179.077429;0
0.000000,1.000000;-100.000000,180.552383;6
0.000000,1.000000;-100.000000,197.333774;7
0.000000,1.000000;-100.000000,197.599860;8
0.242536,0.970143;-100.000000,134.424295;1
0.242536,0.970143;-100.000000,155.242561;10
0.242536,0.970143;-100.000000,179.876727;11
0.242536,0.970143;-100.000000,185.038473;12
0.554700,0.832050;-100.000000,180.743307;2
0.554700,0.832050;-100.000000,183.869955;14
0.554700,0.832050;-100.000000,188.899223;15
0.554700,0.832050;-100.000000,197.361951;16
0.832050,0.554700;62.000000,50.683536;3
0.832050,0.554700;66.000000,47.104732;18
0.832050,0.554700;67.500000,45.829495;19
0.832050,0.554700;67.500000,46.727431;20
0.970143,0.242536;62.500000,56.362083;4
0.970143,0.242536;63.500000,49.216013;22
0.970143,0.242536;65.000000,47.605075;23
0.970143,0.242536;66.500000,45.866685;24
1.000000,0.000000;34.000000,68.029211;5
1.000000,0.000000;43.000000,61.601167;26
1.000000,0.000000;50.000000,54.154658;27
1.000000,0.000000;54.000000,52.794712;28
0.885951,0.463778;-100.000000,190.412633;14
0.815748,0.578408;66.500000,46.567149;24
0.838298,0.545212;-100.000000,190.304127;7
0.550555,0.834799;-100.000000,196.428013;16
0.646076,0.763273;66.500000,48.237454;25
0.509004,0.860764;-100.000000,174.644792;10
0.807453,0.589931;55.000000,56.124891;29
0.989180,0.146707;50.500000,56.052676;27
0.954904,0.296915;54.000000,53.837935;28
0.977151,0.212547;-100.000000,196.346938;15
0.564519,0.825420;-100.000000,188.902469;35
0.819297,0.573369;67.500000,46.074593;31
0.669740,0.742595;-100.000000,197.197155;32
0.941939,0.335784;49.000000,55.410671;27
0.813920,0.580977;-100.000000,164.544597;30
0.411861,0.911247;-100.000000,198.318580;18
0.982770,0.184834;54.000000,52.770090;28
0.914844,0.403807;62.500000,50.059832;22
0.353994,0.935248;53.000000,68.850243;38
0.556708,0.830708;-100.000000,175.602928;11
0.629457,0.777035;44.500000,87.881343;28
0.923696,0.383125;67.500000,45.215494;19
0.999930,0.011858;67.500000,45.087708;21
0.798343,0.602203;-100.000000,174.358272;11
0.478096,0.878308;63.500000,52.267415;24
0.558291,0.829645;-100.000000,193.332884;53
0.337648,0.941273;-100.000000,175.675294;14
0.990430,0.138019;-100.000000,198.598217;13
0.271628,0.962402;66.000000,50.021050;41
0.472674,0.881238;66.000000,50.525745;20
0.633208,0.773982;-100.000000,193.531544;22
0.089834,0.995957;-100.000000,199.164103;22
0.162565,0.986698;-100.000000,155.931748;37
0.705985,0.708227;50.500000,72.734679;37
0.886791,0.462171;-100.000000,191.846974;53
0.111694,0.993743;22.000000,89.203988;38
0.570451,0.821331;-100.000000,178.083474;63
0.739909,0.672707;67.000000,48.236679;51
0.636577,0.771213;66.000000,50.720659;34
0.996977,0.077692;-100.000000,104.360652;11
0.886049,0.463592;67.500000,45.785088;41
0.056633,0.998395;24.500000,87.227274;38
0.629378,0.777099;66.000000,51.020389;21
0.454375,0.890811;-100.000000,197.423578;69
0.227603,0.973754;28.000000,87.672375;36
0.029311,0.999570;59.500000,52.614447;24
0.715474,0.698640;52.000000,65.698917;48
0.987459,0.157878;53.000000,53.211552;43
0.246484,0.969147;-100.000000,157.011891;37
0.945395,0.325928;-100.000000,182.511473;61
0.903474,0.428643;65.500000,47.592933;47
0.678982,0.734155;-100.000000,188.825707;44
0.744934,0.667138;51.000000,68.040356;63
0.977576,0.210583;-100.000000,198.353378;57
0.416562,0.909107;-100.000000,194.520357;7
0.641970,0.766730;24.500000,119.593973;27
0.839273,0.543710;63.500000,50.057610;60
0.541818,0.840496;-100.000000,198.212904;81
0.172969,0.984927;-100.000000,199.507905;47
0.985460,0.169910;53.000000,53.254426;43
0.044860,0.998993;58.500000,57.386729;54
0.696681,0.717381;49.000000,72.310637;37
0.325754,0.945455;-100.000000,137.009277;48
0.704572,0.709632;-100.000000,195.716100;44
0.453071,0.891474;65.500000,52.593555;67
0.494203,0.869347;54.500000,67.059638;36
0.743662,0.668556;67.000000,48.746029;21
0.867552,0.497347;-100.000000,197.887377;13
0.999329,0.036622;55.000000,59.197383;95
0.346426,0.938077;61.500000,54.438267;54
0.932905,0.360121;67.500000,46.803079;72
0.301356,0.953512;-100.000000,177.373644;78
50
85
65
71
74
88
61
93
84
81
13
14
7
35
53
44
78
62
91
63
27
92
10
48
76
95
37
43
98
28
69
36
89
90
38
22
99
94
54
86
47
72
68
96
80
67
34
100
21
20
70
