3818.753162,4207.417286
3824.022803,4126.071635
3814.411067,4191.109471
3840.868813,4163.521766
3861.735790,4151.911630
3831.651244,4060.782684
3814.933385,4185.335531
3794.525939,4201.937871
3807.937455,4200.690074
3805.750403,4220.636863
3800.237422,4223.587378
3809.056542,4203.096796
3822.528966,4177.543354
3811.684062,4192.290970
3814.609844,4206.166323
3805.781511,4215.884170
3811.767402,4198.398499
3818.869149,4219.833796
3806.172641,4214.336807
3835.736834,4204.743633
3795.073572,4205.265274
3787.252923,4199.397910
3804.637821,4191.025952
3790.313159,4217.165670
3820.805653,4194.482322
3844.387705,4188.894960
3842.413385,4215.383628
3796.546837,4227.121657
3829.290888,4223.975983
3851.117100,4184.387025
3844.015182,4171.581784
3816.499119,4225.451505
3824.588847,4199.849070
3840.120299,4019.065197
3858.815273,4144.926357
3849.007840,4117.804051
3819.669735,4210.675312
3863.082512,4122.913443
3851.331229,4128.687527
3847.404305,4195.774516
2981.486477,5213.144354
2877.742484,5261.590287
2925.107041,5247.745487
2861.061477,5232.308725
2890.817828,5164.340590
2890.960379,5202.759879
2826.772275,5260.434312
2869.801854,5222.074657
2851.698744,5216.842204
2840.072871,5193.186355
2799.838752,5273.218334
2795.250284,5235.390786
2776.993449,5269.458624
2788.061676,5213.516028
2798.340869,5235.056331
2783.352063,5223.619887
2792.005728,5247.062689
2777.079171,5243.898765
2752.595578,5277.689250
2736.624836,5229.189765
2712.255240,5208.222203
2732.000991,5240.071413
2705.193340,5295.199985
2696.498678,5241.209573
2722.688625,5252.197893
2725.910239,5284.377076
2728.404394,5259.326843
2704.684689,5259.489017
2695.754110,5266.711744
2685.043238,5271.817919
2690.365308,5274.508134
2673.485803,5261.476072
2669.602143,5258.614702
2665.438379,5262.833481
2661.934461,5272.378107
2662.247257,5251.828270
2656.778665,5273.185649
2624.776007,5272.967673
2624.759029,5314.284643
2642.444305,5311.315221
3585.111730,4372.280305
3552.490521,4364.977046
3543.711183,4354.564068
3547.505452,4375.174584
3501.660549,4341.349214
3497.001671,4348.505510
3512.175532,4381.671023
3511.115946,4371.345915
3518.098860,4368.775751
3523.699441,4376.944990
3494.054242,4370.043153
3524.405457,4405.482480
3511.511876,4377.139608
3533.952324,4384.270012
3524.122540,4385.196962
3511.424778,4390.801181
3499.722964,4375.777570
3521.551915,4414.179362
3520.760261,4396.776926
3507.110050,4398.101955
3498.711731,4416.600517
3544.776054,4403.332301
3510.453582,4394.345953
3527.720592,4409.575635
3534.812830,4404.182962
3561.872112,4421.497776
3518.870730,4412.764839
3518.206604,4419.136419
3526.892595,4416.770804
3507.882436,4407.979685
3532.588429,4408.868542
3510.326050,4391.047443
3502.236874,4382.515286
3508.514903,4381.219838
3504.699589,4403.799460
3524.145317,4395.191168
3472.575281,4386.822017
3503.350212,4404.057031
3504.928365,4415.091814
3522.860145,4405.049611
3804.992803,4208.978533
3808.363602,4174.113829
3788.801433,4221.572102
3771.254123,4209.271315
3762.702979,4207.718117
3761.330884,4156.459269
3750.170026,4178.138323
3771.862918,4210.701936
3750.455582,4193.320032
3765.576123,4198.836539
3764.511836,4195.486054
3778.515906,4188.136366
3731.465921,4184.452714
3724.267713,4195.691344
3742.431133,4207.110685
3720.264811,4196.231496
3705.729473,4185.752673
3735.194806,4198.286717
3736.608075,4226.868335
3755.038920,4232.195327
3740.932928,4206.625072
3740.529907,4223.396413
3752.539963,4200.154397
3748.967551,4221.587872
3761.521182,4233.870189
3760.323294,4216.202102
3770.202766,4230.250163
3734.977339,4213.748195
3753.837628,4220.421164
3718.201588,4212.147777
3740.518626,4210.415750
3731.374880,4200.340293
3762.034542,4229.989717
3740.997924,4211.124060
3784.594295,4225.931950
3776.766813,4222.375500
3783.828371,4240.296540
3764.276337,4198.085182
3771.544740,4219.731641
3747.725680,4191.080655
1746.139068,5727.310856
1758.244141,5681.333775
1787.069890,5664.344123
1808.858420,5612.084863
1947.515168,5583.310025
1837.607274,5595.376133
1825.245181,5602.466558
1935.915553,5562.278310
1874.219785,5623.955543
1876.866959,5601.834660
1890.636922,5591.833191
1892.421655,5658.628854
1882.985865,5642.909868
1858.031555,5621.226662
1888.288659,5524.273212
1857.501197,5634.220750
1871.221246,5584.920434
1815.315105,5682.468294
1898.465547,5708.242918
1894.353452,5623.261640
1887.070035,5666.323354
1898.396534,5610.704736
1921.695366,5643.581789
1915.540837,5662.816967
1862.821888,5618.240925
1881.128505,5597.649125
1905.976556,5626.931220
1950.796502,5561.997242
1991.661820,5572.978009
1905.497578,5527.703011
1937.870056,5501.495712
1958.633359,5569.096670
1931.449088,5577.036631
1932.518090,5592.091047
1929.080559,5646.798469
1970.869236,5549.782074
1886.334433,5603.693797
1828.539396,5659.361992
1862.527476,5593.557267
1847.964364,5702.748708
2757.629496,5284.353432
2768.258962,5309.798493
2755.738619,5281.617134
2785.756805,5281.917465
2780.442924,5253.481981
2789.738227,5304.033715
2772.112360,5255.502644
2754.454115,5309.544085
2767.464784,5268.835319
2755.820154,5286.936001
2769.700291,5288.689635
2781.923909,5295.792466
2802.604970,5292.341887
2814.082947,5323.410346
2792.933925,5283.662759
2801.486126,5295.770751
2765.614067,5307.915572
2796.239369,5285.435985
2791.330736,5295.664058
2799.735164,5319.038749
2798.161140,5309.150627
2780.833547,5333.608768
2784.686330,5319.707936
2816.141906,5310.821717
2805.256526,5278.227416
2819.350123,5326.247584
2798.284908,5309.520989
2808.288920,5319.308055
2785.789475,5315.761725
2804.159605,5288.367893
2793.865030,5290.125439
2778.431954,5296.047985
2762.311331,5329.581121
2752.661602,5301.493721
2777.416719,5320.846142
2769.944627,5293.527250
2768.918844,5287.818831
2775.923759,5328.680450
2767.900072,5298.767394
2749.823318,5301.115937
