162
0.000000,1.000000;-100.000000,193.000806;-1
0.242536,0.970143;-100.000000,195.545048;-1
0.554700,0.832050;-100.000000,198.537985;-1
0.832050,0.554700;-100.000000,198.419399;-1
0.970143,0.242536;-100.000000,199.833015;-1
1.000000,0.000000;-100.000000,197.357311;-1
0.000000,1.000000;-100.000000,179.077429;0
0.000000,1.000000;-100.000000,180.552383;6
0.000000,1.000000;-100.000000,197.333774;7
0.000000,1.000000;-100.000000,197.599860;8
0.242536,0.970143;-100.000000,134.424295;1
0.242536,0.970143;-100.000000,155.242561;10
0.242536,0.970143;-100.000000,179.876727;11
0.242536,0.970143;-100.000000,185.038473;12
0.554700,0.832050;-100.000000,180.743307;2
0.554700,0.832050;-100.000000,183.869955;14
0.554700,0.832050;-100.000000,188.899223;15
0.554700,0.832050;-100.000000,197.361951;16
0.832050,0.554700;62.000000,50.683536;3
0.832050,0.554700;66.000000,47.104732;18
0.832050,0.554700;67.500000,45.829495;19
0.832050,0.554700;67.500000,46.727431;20
0.970143,0.242536;62.500000,56.362083;4
0.970143,0.242536;63.500000,49.216013;22
0.970143,0.242536;65.000000,47.605075;23
0.970143,0.242536;66.500000,45.866685;24
1.000000,0.000000;34.000000,68.029211;5
1.000000,0.000000;43.000000,61.601167;26
1.000000,0.000000;50.000000,54.154658;27
1.000000,0.000000;54.000000,52.794712;28
0.007604,0.999971;-100.000000,197.648941;9
0.253359,0.967372;-100.000000,196.921189;13
0.566752,0.823889;-100.000000,198.059781;17
0.839990,0.542602;67.500000,46.962925;21
0.972757,0.231825;67.500000,44.921808;25
1.000000,0.000000;55.000000,52.402737;29
0.015324,0.999883;-100.000000,198.351774;30
0.264294,0.964442;-100.000000,198.734806;31
0.578747,0.815507;-100.000000,197.829230;32
0.847706,0.530466;67.500000,46.942985;33
0.975221,0.221231;67.500000,44.799361;34
1.000000,0.000000;55.500000,52.126164;35
0.023160,0.999732;-100.000000,198.375471;36
0.275337,0.961348;-100.000000,198.791386;37
0.590678,0.806908;-100.000000,197.329256;38
0.855198,0.518302;67.500000,46.981978;39
0.977539,0.210754;67.500000,44.812292;40
1.000000,0.000000;56.000000,51.622703;41
0.031113,0.999516;-100.000000,197.594505;42
0.286486,0.958084;-100.000000,196.213530;43
0.602534,0.798093;-100.000000,197.383907;44
0.862465,0.506117;67.500000,46.898916;45
0.979715,0.200396;67.500000,44.756591;46
1.000000,0.000000;56.000000,51.317610;47
0.039186,0.999232;-100.000000,197.892579;48
0.297737,0.954648;-100.000000,197.401315;49
0.614307,0.789067;-100.000000,197.618784;50
0.869507,0.493921;67.500000,46.809911;51
0.981753,0.190159;67.500000,44.698572;52
1.000000,0.000000;56.000000,51.467408;53
0.047378,0.998877;-100.000000,197.589697;54
0.309086,0.951034;-100.000000,197.995711;55
0.625988,0.779833;-100.000000,197.487125;56
0.876324,0.481722;67.500000,46.847502;57
0.983658,0.180045;67.500000,44.732337;58
1.000000,0.000000;56.000000,51.904424;59
0.055690,0.998448;-100.000000,195.943913;60
0.320530,0.947238;-100.000000,197.534654;61
0.637568,0.770394;-100.000000,197.868651;62
0.882917,0.469528;67.500000,46.801803;63
0.985435,0.170053;67.500000,44.657109;64
1.000000,0.000000;56.000000,52.296388;65
0.064125,0.997942;-100.000000,195.125850;66
0.332065,0.943257;-100.000000,197.043419;67
0.649037,0.760757;-100.000000,196.205922;68
0.889288,0.457348;67.500000,46.744523;69
0.987087,0.160185;67.500000,44.670980;70
1.000000,0.000000;56.000000,53.042532;71
0.072682,0.997355;-100.000000,197.337328;72
0.343686,0.939085;-100.000000,196.826138;73
0.660388,0.750925;-100.000000,197.700385;74
0.895437,0.445189;67.500000,46.500181;75
0.988619,0.150442;67.500000,44.727907;76
1.000000,0.000000;55.500000,53.907892;77
0.081362,0.996685;-100.000000,198.068549;78
0.355388,0.934719;-100.000000,197.813314;79
0.671611,0.740904;-100.000000,198.670793;80
0.901366,0.433058;67.500000,46.431196;81
0.990035,0.140824;67.500000,44.671640;82
1.000000,0.000000;53.500000,58.116286;83
0.090166,0.995927;-100.000000,197.237967;84
0.367167,0.930155;-100.000000,193.174231;85
0.682698,0.730700;-100.000000,196.585344;86
0.907077,0.420964;67.500000,46.338842;87
0.991339,0.131331;67.500000,44.743115;88
1.000000,0.000000;63.500000,53.155362;89
0.099095,0.995078;-100.000000,196.078093;90
0.379016,0.925390;-100.000000,197.431775;91
0.693642,0.720320;-100.000000,197.097072;92
0.912573,0.408913;67.500000,46.313549;93
0.992535,0.121964;67.500000,44.754467;94
1.000000,0.000000;65.000000,49.758634;95
0.108149,0.994135;-100.000000,196.623345;96
0.390931,0.920420;-100.000000,197.316119;97
0.704433,0.709770;-100.000000,196.915517;98
0.917857,0.396911;67.500000,46.266439;99
0.993627,0.112722;67.500000,44.777689;100
1.000000,0.000000;65.500000,48.198563;101
0.117327,0.993093;-100.000000,198.074696;102
0.402905,0.915242;-100.000000,196.689799;103
0.715066,0.699057;-100.000000,195.350914;104
0.922931,0.384966;67.500000,46.141247;105
0.994618,0.103606;67.500000,44.812525;106
1.000000,0.000000;66.000000,47.597573;107
0.126632,0.991950;-100.000000,197.586138;108
0.414933,0.909852;-100.000000,196.964336;109
0.725532,0.688188;-100.000000,196.242066;110
0.927798,0.373083;67.500000,45.979008;111
0.995514,0.094615;67.500000,44.802698;112
1.000000,0.000000;66.000000,47.412881;113
0.136062,0.990700;-100.000000,197.398811;114
0.427006,0.904249;-100.000000,196.388066;115
0.735825,0.677172;-100.000000,196.365196;116
0.932462,0.361268;67.500000,45.937130;117
0.996317,0.085749;67.500000,44.790885;118
1.000000,0.000000;66.000000,47.233209;119
0.145617,0.989341;-100.000000,196.401868;120
0.439120,0.898429;-100.000000,196.437900;121
0.745938,0.666016;-100.000000,197.373108;122
0.936926,0.349527;67.500000,45.887519;123
0.997031,0.077006;67.500000,44.798133;124
1.000000,0.000000;66.000000,47.205993;125
0.155298,0.987868;-100.000000,197.539354;126
0.451265,0.892390;-100.000000,196.479522;127
0.755865,0.654728;-100.000000,194.336105;128
0.941195,0.337865;67.500000,45.839836;129
0.997659,0.068388;67.500000,44.781702;130
1.000000,0.000000;66.500000,46.688957;131
0.165104,0.986276;-100.000000,197.657140;132
0.463436,0.886130;-100.000000,196.271170;133
0.765600,0.643317;-100.000000,194.908239;134
0.945271,0.326286;67.500000,45.809839;135
0.998205,0.059892;67.500000,44.752283;136
1.000000,0.000000;66.500000,46.652148;137
0.175033,0.984563;-100.000000,197.428377;138
0.475624,0.879649;-100.000000,195.939606;139
0.775139,0.631791;-100.000000,194.930620;140
0.949159,0.314797;67.500000,45.762388;141
0.998672,0.051519;67.500000,44.705344;142
1.000000,0.000000;66.500000,46.624048;143
0.185087,0.982722;-100.000000,197.081031;144
0.487821,0.872943;-100.000000,195.827943;145
0.784476,0.620160;-100.000000,195.161362;146
0.952864,0.303399;67.500000,45.728596;147
0.999064,0.043267;67.500000,44.690139;148
1.000000,0.000000;66.500000,46.702804;149
0.195263,0.980751;-100.000000,196.566902;150
0.500020,0.866014;-100.000000,196.875317;151
0.793606,0.608432;-100.000000,196.565945;152
0.956388,0.292099;67.500000,45.731822;153
0.999383,0.035135;67.500000,44.669403;154
1.000000,0.000000;66.500000,46.728254;155
32
43
37
116
49
13
15
14
7
11
27
10
89
28
83
29
77
41
71
65
22
95
18
101
23
107
24
113
119
45
33
135
20
