114
0.000000,1.000000;-100.000000,193.000806;-1
0.242536,0.970143;-100.000000,195.545048;-1
0.554700,0.832050;-100.000000,198.537985;-1
0.832050,0.554700;-100.000000,198.419399;-1
0.970143,0.242536;-100.000000,199.833015;-1
1.000000,0.000000;-100.000000,197.357311;-1
0.000000,1.000000;-100.000000,179.077429;0
0.000000,1.000000;-100.000000,180.552383;6
0.000000,1.000000;-100.000000,197.333774;7
0.000000,1.000000;-100.000000,197.599860;8
0.242536,0.970143;-100.000000,134.424295;1
0.242536,0.970143;-100.000000,155.242561;10
0.242536,0.970143;-100.000000,179.876727;11
0.242536,0.970143;-100.000000,185.038473;12
0.554700,0.832050;-100.000000,180.743307;2
0.554700,0.832050;-100.000000,183.869955;14
0.554700,0.832050;-100.000000,188.899223;15
0.554700,0.832050;-100.000000,197.361951;16
0.832050,0.554700;62.000000,50.683536;3
0.832050,0.554700;66.000000,47.104732;18
0.832050,0.554700;67.500000,45.829495;19
0.832050,0.554700;67.500000,46.727431;20
0.970143,0.242536;62.500000,56.362083;4
0.970143,0.242536;63.500000,49.216013;22
0.970143,0.242536;65.000000,47.605075;23
0.970143,0.242536;66.500000,45.866685;24
1.000000,0.000000;34.000000,68.029211;5
1.000000,0.000000;43.000000,61.601167;26
1.000000,0.000000;50.000000,54.154658;27
1.000000,0.000000;54.000000,52.794712;28
0.000000,1.000000;-100.000000,197.757934;9
0.242536,0.970143;-100.000000,198.349274;13
0.554700,0.832050;-100.000000,198.138497;17
0.832050,0.554700;67.500000,47.251676;21
0.970143,0.242536;67.500000,44.868787;25
1.000000,0.000000;55.000000,52.402737;29
0.000000,1.000000;-100.000000,198.504660;30
0.242536,0.970143;-100.000000,199.228135;31
0.554700,0.832050;-100.000000,197.756312;32
0.832050,0.554700;67.500000,47.161851;33
0.970143,0.242536;67.500000,44.794987;34
1.000000,0.000000;55.500000,52.126164;35
0.000000,1.000000;-100.000000,197.264042;36
0.242536,0.970143;-100.000000,198.511307;37
0.554700,0.832050;-100.000000,196.742965;38
0.832050,0.554700;67.500000,47.295761;39
0.970143,0.242536;67.500000,44.819897;40
1.000000,0.000000;56.000000,51.622703;41
0.000000,1.000000;-100.000000,197.727300;42
0.242536,0.970143;-100.000000,197.777749;43
0.554700,0.832050;-100.000000,197.992240;44
0.832050,0.554700;67.000000,47.839323;45
0.970143,0.242536;67.500000,44.720535;46
1.000000,0.000000;56.000000,51.317610;47
0.000000,1.000000;-100.000000,197.367405;48
0.242536,0.970143;-100.000000,198.458907;49
0.554700,0.832050;-100.000000,196.477105;50
0.832050,0.554700;67.000000,47.904907;51
0.970143,0.242536;67.500000,44.777091;52
1.000000,0.000000;56.000000,51.467408;53
0.000000,1.000000;-100.000000,198.434058;54
0.242536,0.970143;-100.000000,197.829611;55
0.554700,0.832050;-100.000000,197.307931;56
0.832050,0.554700;67.500000,47.378144;57
0.970143,0.242536;67.500000,44.802457;58
1.000000,0.000000;56.000000,51.904424;59
0.000000,1.000000;-100.000000,197.851906;60
0.242536,0.970143;-100.000000,197.372398;61
0.554700,0.832050;-100.000000,197.569501;62
0.832050,0.554700;67.500000,47.308353;63
0.970143,0.242536;67.500000,44.835959;64
1.000000,0.000000;56.000000,52.296388;65
0.000000,1.000000;-100.000000,198.494291;66
0.242536,0.970143;-100.000000,197.394333;67
0.554700,0.832050;-100.000000,197.002132;68
0.832050,0.554700;67.500000,47.334328;69
0.970143,0.242536;67.500000,44.870388;70
1.000000,0.000000;56.000000,53.042532;71
0.000000,1.000000;-100.000000,198.282721;72
0.242536,0.970143;-100.000000,197.756406;73
0.554700,0.832050;-100.000000,198.553564;74
0.832050,0.554700;67.000000,47.830246;75
0.970143,0.242536;67.500000,44.880399;76
1.000000,0.000000;55.500000,53.907892;77
0.000000,1.000000;-100.000000,198.381902;78
0.242536,0.970143;-100.000000,198.215625;79
0.554700,0.832050;-100.000000,198.396583;80
0.832050,0.554700;67.000000,47.817145;81
0.970143,0.242536;67.500000,44.911956;82
1.000000,0.000000;53.500000,58.116286;83
0.000000,1.000000;-100.000000,196.348718;84
0.242536,0.970143;-100.000000,197.612509;85
0.554700,0.832050;-100.000000,197.644464;86
0.832050,0.554700;67.500000,47.352931;87
0.970143,0.242536;67.500000,44.890356;88
1.000000,0.000000;63.500000,53.155362;89
0.000000,1.000000;-100.000000,197.313798;90
0.242536,0.970143;-100.000000,197.880786;91
0.554700,0.832050;-100.000000,195.041223;92
0.832050,0.554700;67.500000,47.294276;93
0.970143,0.242536;67.500000,44.879524;94
1.000000,0.000000;65.000000,49.758634;95
0.000000,1.000000;-100.000000,197.623002;96
0.242536,0.970143;-100.000000,196.742632;97
0.554700,0.832050;-100.000000,196.935890;98
0.832050,0.554700;67.000000,47.774245;99
0.970143,0.242536;67.500000,44.857929;100
1.000000,0.000000;65.500000,48.198563;101
0.000000,1.000000;-100.000000,198.053734;102
0.242536,0.970143;-100.000000,196.476262;103
0.554700,0.832050;-100.000000,196.694722;104
0.832050,0.554700;67.500000,47.266600;105
0.970143,0.242536;67.500000,44.889180;106
1.000000,0.000000;66.000000,47.597573;107
32
37
80
98
16
13
15
14
7
11
27
10
89
28
83
29
77
41
71
65
22
95
18
101
23
107
24
57
51
63
93
20
88
