-100.000000,197.050779
-100.000000,197.119344
-100.000000,197.070602
-100.000000,196.993232
-100.000000,197.062000
-100.000000,196.934362
-100.000000,196.914077
-100.000000,196.794516
-100.000000,196.707111
-100.000000,196.740257
-100.000000,196.642794
-100.000000,196.518538
-100.000000,196.540391
-100.000000,196.476138
-100.000000,196.389324
-100.000000,196.293685
-100.000000,196.343004
-100.000000,196.381179
-100.000000,196.482539
-100.000000,196.566902
-100.000000,195.890146
-100.000000,196.050154
-100.000000,196.127063
-100.000000,196.222693
-100.000000,196.377239
-100.000000,196.204130
-100.000000,196.396228
-100.000000,196.344929
-100.000000,196.284224
-100.000000,196.340360
-100.000000,196.438133
-100.000000,196.345999
-100.000000,196.390359
-100.000000,196.525899
-100.000000,196.428007
-100.000000,196.404516
-100.000000,196.559020
-100.000000,196.538192
-100.000000,196.631636
-100.000000,196.875317
-100.000000,195.218324
-100.000000,195.341359
-100.000000,195.341027
-100.000000,195.495032
-100.000000,195.711666
-100.000000,195.483879
-100.000000,195.753039
-100.000000,195.830886
-100.000000,195.804498
-100.000000,195.953943
-100.000000,196.071411
-100.000000,196.004339
-100.000000,196.074925
-100.000000,196.066231
-100.000000,195.935704
-100.000000,195.778913
-100.000000,196.044746
-100.000000,196.056795
-100.000000,196.231944
-100.000000,196.565945
67.500000,45.719920
67.500000,45.718703
67.500000,45.719345
67.500000,45.721302
67.500000,45.730668
67.500000,45.724666
67.500000,45.721593
67.500000,45.725796
67.500000,45.717727
67.500000,45.717509
67.500000,45.712713
67.500000,45.716578
67.500000,45.721029
67.500000,45.724525
67.500000,45.725845
67.500000,45.730041
67.500000,45.733203
67.500000,45.729466
67.500000,45.731947
67.500000,45.731822
67.500000,44.688951
67.500000,44.681132
67.500000,44.681158
67.500000,44.685941
67.500000,44.681439
67.500000,44.687138
67.500000,44.684745
67.500000,44.684487
67.500000,44.686643
67.500000,44.684578
67.500000,44.688280
67.500000,44.690193
67.500000,44.679160
67.500000,44.673751
67.500000,44.671999
67.500000,44.674669
67.500000,44.669091
67.500000,44.666743
67.500000,44.667483
67.500000,44.669403
66.500000,46.708826
66.500000,46.678029
66.500000,46.680965
66.500000,46.663087
66.500000,46.644239
66.500000,46.661229
66.500000,46.687027
66.500000,46.696077
66.500000,46.691596
66.500000,46.717833
66.500000,46.735046
66.500000,46.730952
66.500000,46.722748
66.500000,46.728217
66.500000,46.729284
66.500000,46.742301
66.500000,46.723972
66.500000,46.736131
66.500000,46.735418
66.500000,46.728254
