66
0.000000,1.000000;-1.756184,50.979721;-1
0.242536,0.970143;-1.340583,90.515554;-1
0.554700,0.832050;16.038946,146.637974;-1
0.832050,0.554700;0.605860,24.619195;-1
0.970143,0.242536;2.993652,146.895882;-1
1.000000,0.000000;166.398310,310.451913;-1
0.000000,1.000000;480.306020,1969.457695;0
0.000000,1.000000;510.045713,2424.386534;6
0.000000,1.000000;526.168004,2477.358247;7
0.000000,1.000000;529.636963,2481.049055;8
0.242536,0.970143;443.023903,1257.930179;1
0.242536,0.970143;509.471308,2431.073478;10
0.242536,0.970143;501.749479,2482.373737;11
0.242536,0.970143;503.512597,2490.600478;12
0.554700,0.832050;363.250025,779.273067;2
0.554700,0.832050;505.190845,2021.247350;14
0.554700,0.832050;500.730761,2447.654979;15
0.554700,0.832050;504.222863,2466.664045;16
0.832050,0.554700;357.371723,736.215229;3
0.832050,0.554700;516.484587,2192.159074;18
0.832050,0.554700;520.402924,2433.631324;19
0.832050,0.554700;519.656489,2460.600091;20
0.970143,0.242536;265.036497,557.547866;4
0.970143,0.242536;500.669874,1995.896094;22
0.970143,0.242536;604.672007,2109.664333;23
0.970143,0.242536;697.139342,2139.488232;24
1.000000,0.000000;313.273449,585.842572;5
1.000000,0.000000;526.708570,734.322711;26
1.000000,0.000000;910.246913,1068.105085;27
1.000000,0.000000;1298.571453,1086.224420;28
0.866025,0.500000;1347.451583,1173.791720;29
1.000000,0.000000;1381.740576,935.990090;29
0.965926,0.258819;1280.967796,1166.045542;29
0.707107,0.707107;1150.506426,1409.526154;29
0.874313,0.485363;610.060194,2268.765887;24
0.514496,0.857493;495.607066,2410.822882;24
0.707107,0.707107;1203.733774,1764.317230;33
0.275029,0.961436;495.589791,2441.470523;34
0.970143,0.242536;780.675243,2101.495264;25
0.866025,0.500000;1326.541362,1556.164314;33
0.866025,0.500000;1447.104283,1314.088376;30
0.874313,0.485363;710.684621,2201.706248;25
0.707107,0.707107;1323.578426,1870.397248;36
0.965926,0.258819;499.440648,2447.493567;37
0.866025,0.500000;1478.727693,1544.642392;39
0.000000,1.000000;830.793864,2124.289136;36
0.866025,0.500000;1480.706869,1625.596432;36
0.866025,0.500000;1461.724202,1452.409694;40
0.866025,0.500000;1535.620014,1793.269899;46
0.500000,0.866025;498.899351,2453.147434;43
0.707107,0.707107;1376.950639,1962.419633;42
0.000000,1.000000;851.101563,2177.382710;42
0.707107,0.707107;1425.238277,1925.330522;46
0.500000,0.866025;1095.395609,2171.888231;45
1.000000,-0.000000;1583.373441,1655.904008;50
0.000000,1.000000;739.459486,2271.695177;53
0.500000,0.866025;1148.491224,2183.453184;53
0.965926,0.258819;1591.533935,1730.805520;50
0.500000,0.866025;1348.547922,2055.886271;52
0.258819,0.965926;1017.450779,2238.386985;53
1.000000,-0.000000;1690.437811,1522.131220;54
0.866025,0.500000;1607.943122,1871.159627;57
0.965926,0.258819;1677.418479,1695.019036;57
0.707107,0.707107;1472.106591,2028.788409;58
0.718900,0.695113;701.833369,2235.990755;41
0.500000,0.866025;1361.670938,2117.535963;58
48
13
12
9
8
19
15
23
34
24
64
41
55
25
10
38
51
45
59
14
18
22
53
56
26
65
58
50
36
63
42
52
33
39
28
61
48
57
46
54
44
62
47
32
60
40
30
29
31
