67.000000,49.179434
66.500000,49.700553
66.500000,49.853083
66.500000,49.985663
66.500000,50.122371
66.500000,50.215058
66.500000,50.319551
66.500000,50.458949
66.500000,50.591691
66.500000,50.709946
66.500000,50.814073
66.000000,51.420730
66.000000,51.513461
66.000000,51.596606
66.000000,51.679533
66.000000,51.806023
66.000000,51.892759
66.000000,51.952803
66.000000,52.044685
66.000000,52.129046
67.000000,48.938195
67.000000,48.807532
67.000000,48.683794
67.000000,48.563386
67.000000,48.450074
67.000000,48.388100
67.000000,48.270831
67.000000,48.153031
67.000000,48.120318
67.000000,48.043758
67.000000,47.966879
67.000000,47.875798
67.000000,47.809541
67.500000,47.331508
67.500000,47.263115
67.500000,47.212090
67.500000,47.111406
67.500000,47.067280
67.500000,46.975020
67.500000,46.955875
29.500000,78.916534
31.000000,75.427349
29.500000,72.992734
35.000000,66.881409
37.500000,64.279624
39.500000,63.315130
40.500000,62.550975
41.500000,62.261991
42.000000,61.479308
42.500000,60.286309
43.500000,59.635996
44.000000,59.187435
45.000000,58.504116
45.000000,58.268132
45.500000,57.961868
46.000000,57.402611
46.500000,57.135912
46.500000,56.856408
47.000000,56.485831
47.000000,56.442866
29.500000,79.582676
31.000000,77.234831
30.000000,74.845804
35.000000,70.449910
37.000000,68.343317
38.500000,66.545755
40.000000,65.452104
40.500000,65.404958
41.000000,64.296193
42.000000,63.450870
43.000000,62.410067
43.000000,61.782982
43.500000,61.536109
44.000000,61.526076
44.500000,61.217621
45.000000,60.708664
45.500000,60.193152
46.000000,59.917819
46.000000,59.506962
46.500000,58.912184
28.500000,81.237459
30.500000,79.623814
30.000000,77.576656
27.500000,78.339731
30.500000,78.643551
32.500000,78.635202
33.500000,79.620437
34.500000,79.595083
35.000000,83.111966
33.500000,92.639654
34.000000,107.423814
33.500000,109.474473
32.500000,115.399031
14.000000,126.445441
18.000000,112.332092
44.500000,91.313923
53.500000,80.008218
56.500000,74.126911
58.000000,69.814710
59.000000,65.641934
26.500000,83.548155
26.500000,85.571098
26.500000,87.127139
26.500000,97.621905
22.500000,112.689512
-100.000000,141.775404
-100.000000,178.312445
-100.000000,187.977588
-100.000000,194.686801
-100.000000,190.542392
-100.000000,186.927373
-100.000000,165.248523
-100.000000,111.387553
48.500000,85.776467
50.500000,79.821191
52.000000,74.628349
54.500000,69.546638
56.000000,66.010497
56.500000,64.012379
57.000000,63.658773
