472.289806,1505.459959
512.754963,1565.645722
552.359733,1551.937233
478.384975,1557.617314
491.464631,1500.089683
493.107489,1499.352555
483.355447,1502.454120
482.631928,1494.248898
482.202251,1445.238306
484.787756,1496.602312
490.204867,1497.961956
493.704487,1505.473586
476.727892,1495.147403
479.598861,1476.913083
499.546358,1422.125726
500.998002,1423.351390
499.635046,1427.394155
490.265889,1456.552409
494.888162,1455.916460
488.034110,1484.258267
498.828714,1483.836589
516.602488,1489.383401
507.658747,1493.623247
497.164044,1484.566534
509.460326,1486.151385
504.446340,1462.740594
521.596320,1423.192208
505.273553,1468.817003
522.462107,1424.838878
508.361529,1485.369682
521.265817,1450.002748
529.300476,1430.893947
513.975841,1485.301702
526.154271,1454.589872
525.684572,1439.300395
525.714697,1441.796288
526.895211,1452.662184
532.523367,1447.573443
536.404410,1432.804708
532.314000,1440.218116
2393.896358,4482.451398
2433.959488,4505.507984
2536.138117,4434.002812
2584.315546,4313.584589
2504.362586,4505.115643
2406.980270,4597.635723
2438.913282,4552.320351
2500.384067,4546.837674
2536.776942,4595.532020
2584.062046,4604.425287
2527.584508,4651.122352
2469.051790,4565.208451
2411.209489,4520.132236
2370.023064,4510.395166
2508.958982,4586.333576
2554.829153,4630.200215
2454.432275,4563.424121
2419.029685,4579.696639
2517.129979,4596.072553
2525.435262,4622.607156
2584.385729,4640.036252
2619.213523,4614.439714
2523.954276,4650.095614
2529.782377,4637.820819
2572.803147,4593.867756
2599.528308,4583.557101
2496.311305,4579.844111
2501.326889,4551.873643
2446.489867,4584.211219
2450.845995,4588.597231
2485.934478,4607.555239
2561.718679,4582.447594
2491.384439,4568.794604
2445.049061,4621.406204
2466.635978,4665.177549
2497.137072,4514.984308
2522.389112,4495.584116
2443.952564,4488.775918
2466.993922,4581.811098
2470.051018,4653.062467
1865.200284,5338.750807
1885.059719,5415.663239
1864.231273,5402.164539
2069.916810,5307.951884
2138.624686,5128.851972
2161.415657,5190.506339
2136.946742,5242.344879
2193.540911,5208.437021
2064.665635,5317.879977
2017.104517,5383.466849
1864.673095,5238.121825
1956.023226,5301.645902
2029.019588,5200.526214
2080.038643,5119.067755
2094.187703,5170.360365
1986.863204,5203.237103
2020.683543,5320.369778
2080.118490,5246.320377
2072.033117,5232.993477
2047.858327,5234.225929
2081.160606,5201.912512
2104.424043,5165.028107
2142.565951,5211.008768
2145.820249,5106.696293
2146.275852,5184.690271
2252.949369,5079.438186
2167.213892,5165.832189
2190.073856,5201.829331
2190.979340,5217.176538
2197.340638,5200.945665
2210.200846,5209.737133
2255.630721,5122.450358
2290.128800,5037.558124
2348.371458,5019.058325
2353.148678,4993.119451
2300.066012,4992.856211
2324.375785,5005.941551
2337.027508,5118.620837
2342.436062,5015.410833
2408.987249,5017.977944
3082.614614,3538.498545
3101.639666,3562.791700
3034.872682,3479.705788
3031.714606,3548.004240
3009.394699,3566.608161
2988.236347,3615.338535
2944.871018,3589.234229
2908.392715,3564.254217
2881.129243,3570.984576
2879.445648,3592.610385
2886.532654,3635.936822
2869.084338,3601.904177
2887.072382,3649.565702
2884.334623,3638.970242
2899.949913,3648.645523
2903.929512,3654.318667
2876.097655,3682.015859
2861.603584,3660.985916
2907.449408,3707.539764
2923.978429,3685.526954
2937.315956,3709.632194
2949.605133,3722.863934
2968.074295,3735.643631
2982.810627,3734.876778
2987.018721,3732.300618
3017.685012,3749.790598
2972.447394,3721.972414
3007.457865,3763.445703
3005.967385,3758.479248
3007.119148,3758.760829
3032.641605,3821.822587
3011.090296,3777.762090
3002.138835,3763.808953
3078.232200,3827.424970
3018.610886,3788.554230
2991.503251,3771.131836
3000.119337,3794.682901
3022.310214,3798.281684
3000.265281,3775.837486
3020.082251,3801.055393
3078.431079,3529.141196
3094.023859,3565.333122
3029.610135,3563.189313
3029.987505,3571.708136
3057.310841,3590.682229
3065.368991,3612.628710
3023.941806,3583.411906
3002.099532,3587.721517
2983.957311,3607.271581
2938.728920,3587.882908
2957.917012,3609.182315
2928.853098,3628.296116
2978.185321,3635.943029
2954.920734,3650.323760
2975.785664,3612.097140
2982.947990,3624.141413
2983.530612,3650.448681
2976.178974,3645.963941
2981.924479,3621.420788
2980.993961,3597.254337
3012.622884,3618.838714
3051.009951,3651.520424
3056.951713,3628.397436
3092.450782,3678.957358
3077.309282,3616.118619
3078.741902,3699.156849
3080.881439,3670.080093
3098.616166,3679.126158
3132.460001,3710.222646
3104.479412,3704.006146
3073.558251,3711.458069
3093.435101,3756.407857
3059.752694,3704.269272
3096.344978,3745.499559
3098.100277,3744.148545
3066.678382,3731.201128
3045.867896,3724.764464
3036.499799,3717.355993
3057.506669,3759.950294
3054.805595,3770.552067
2163.362983,5142.766491
2232.405419,5131.691754
2248.822843,5098.236222
2483.292977,4989.557013
2408.354874,4950.623275
2372.161414,4956.839827
2392.775662,4905.853728
2436.882242,4879.469263
2476.194073,4899.748649
2349.294066,4953.565763
2381.323967,4993.366842
2465.178264,4907.562471
2506.995119,4867.701474
2458.668051,4918.224795
2507.952477,4935.546825
2386.986443,4933.841644
2376.803447,4927.473370
2359.090380,4948.760555
2379.171707,4911.950413
2477.220460,4887.869446
2497.555741,4879.159805
2545.828629,4842.821993
2489.277084,4886.601113
2502.994617,4941.036908
2467.319130,4877.658969
2442.204738,4801.174001
2423.220847,4908.268827
2431.650557,4905.381952
2441.498606,4706.402632
2449.684769,4732.607154
2487.519083,4649.032542
2494.600139,4817.244450
2577.647612,4691.838780
2598.890249,4693.658301
2621.207782,4789.305261
2572.616636,4771.928086
2554.114196,4686.069932
2753.097147,4607.556223
2685.753678,4556.471502
2600.769862,4600.937725
