3483.524613,4339.975124
3457.288693,4319.269553
3453.835259,4323.160254
3452.078888,4328.889032
3445.776903,4273.144550
3443.402553,4261.074094
3409.645913,4218.297545
3410.059010,4264.105299
3405.890987,4279.016264
3407.855497,4323.158388
3392.447525,4244.108874
3425.234709,4297.824909
3417.249402,4322.620545
3393.295721,4266.647042
3379.263686,4280.318984
3377.056250,4307.752623
3346.304055,4255.208604
3380.273307,4291.443460
3362.888398,4326.432009
3360.280889,4299.377026
3377.018046,4326.379459
3409.577475,4356.057461
3424.130839,4327.600738
3417.678196,4347.618897
3419.264563,4311.051854
3429.397247,4363.844427
3412.925934,4318.101427
3450.849679,4376.809685
3466.825684,4422.224948
3447.157411,4384.462539
3453.789149,4364.792295
3502.209812,4439.906733
3431.932225,4362.149010
3437.606586,4372.375619
3428.879303,4333.854752
3450.216454,4382.384364
3461.171309,4392.603248
3430.077428,4312.880685
3468.522024,4356.196787
3437.891777,4341.163911
3505.278883,4350.889786
3496.588197,4381.217916
3452.776307,4281.184835
3466.568615,4331.624203
3442.544628,4320.009542
3407.992806,4309.041813
3424.935365,4303.120267
3430.425241,4274.248570
3451.849230,4332.420172
3483.780097,4347.946451
3441.685130,4325.195605
3427.039149,4308.575835
3429.158836,4284.618122
3467.353746,4324.917115
3427.166478,4315.948897
3398.872547,4279.651613
3415.132372,4299.936559
3421.539799,4291.689044
3451.343356,4317.291763
3440.586048,4302.188762
3437.390963,4297.638413
3402.250684,4318.838151
3408.907186,4324.998581
3411.084614,4280.690059
3429.468292,4307.204057
3456.724487,4287.130681
3396.321571,4232.098517
3426.010101,4271.835398
3452.786908,4327.651735
3478.632548,4292.819921
3484.079742,4323.125816
3491.999213,4294.458025
3491.287843,4310.755035
3486.437517,4312.400286
3522.863354,4348.014862
3544.370057,4373.960330
3520.579923,4346.832890
3450.151324,4246.711614
3463.489971,4270.958316
3521.262948,4354.938128
3469.340443,4339.756776
3494.874580,4371.293441
3475.304872,4366.780328
3494.939822,4355.270016
3473.475298,4376.830085
3444.267397,4330.206574
3411.652455,4299.212645
3431.294751,4292.954129
3442.851154,4332.390586
3402.458738,4300.854828
3422.328212,4333.913528
3413.122804,4325.177039
3435.533074,4343.630772
3460.885006,4346.204168
3450.975998,4339.290263
3452.567371,4361.129199
3452.741916,4337.674477
3440.352777,4316.016305
3439.358427,4325.710988
3438.145335,4341.467548
3428.584676,4309.626644
3449.240748,4312.387767
3465.830309,4353.769915
3510.976296,4401.643872
3523.457366,4397.216902
3515.535731,4364.741608
3528.364003,4403.768875
3463.739382,4309.221370
3451.327072,4339.027154
3413.642032,4275.240748
3446.916162,4336.539278
3447.690389,4308.009377
3471.707888,4324.324204
3497.778750,4417.756589
3455.403475,4325.519795
3434.905824,4342.739989
3428.497656,4367.384141
3429.845931,4350.229315
3433.263997,4362.557816
3421.799162,4370.835034
3462.252506,4337.525021
3474.585751,4347.150517
3452.367277,4270.691257
3437.482581,4264.447567
3394.907926,4183.222228
3361.925747,4133.821349
3379.016862,4164.195786
3389.154499,4244.908894
3404.675366,4319.225834
3372.232366,4257.072054
3370.177434,4323.712237
3373.662303,4294.363392
3377.309397,4288.525891
3383.466176,4296.742547
3383.687766,4352.033261
3374.577431,4313.543466
3367.913047,4311.898502
3395.866151,4365.011184
3372.809294,4343.484044
3399.532973,4339.534698
3419.063697,4321.383588
3403.247987,4313.354085
3402.215174,4306.314546
3407.609759,4317.393849
3437.353399,4359.515951
3420.733451,4406.573078
3380.299076,4360.148298
3392.289589,4387.075139
3418.664992,4384.369353
3405.634839,4357.071826
3386.084398,4347.967178
3434.969582,4391.804905
3434.730444,4450.867517
3416.879483,4405.563568
3410.057809,4401.288431
3422.119420,4400.497636
3376.444826,4372.251048
3389.338653,4396.403641
3420.099223,4418.701859
3412.610133,4407.883056
1527.672913,5397.631021
1497.222232,5505.482922
1622.017182,5379.593150
1560.617568,5644.563475
1597.865499,5584.388744
1641.867735,5573.421302
1654.719171,5586.348785
1709.883319,5435.222476
1535.452486,5651.182455
1539.340049,5592.479852
1656.600608,5526.953549
1675.788308,5498.817087
1769.122198,5444.144336
1608.239584,5676.445898
1599.412886,5574.060000
1715.301704,5602.438827
1634.736375,5531.482516
1660.479380,5489.523000
1706.299586,5560.439415
1709.356162,5468.405984
1794.353839,5435.034613
1654.331131,5644.852503
1599.861764,5491.651006
1775.060323,5488.068481
1744.555080,5484.898983
1713.985312,5507.198146
1760.583076,5492.928218
1814.591332,5553.999167
1604.550208,5646.333685
1611.938024,5666.206093
1734.680061,5688.287348
1793.506197,5508.767546
1753.476639,5601.000285
1861.375993,5499.824214
1654.905078,5634.437070
1718.723300,5587.929002
1604.995843,5604.304981
1653.458734,5573.876837
1675.228609,5555.815552
1713.826123,5588.346266
1534.584349,5389.621020
1564.267553,5355.517900
1472.825121,5603.353329
1503.171423,5543.398056
1465.257270,5609.710438
1564.864246,5543.583787
1648.078660,5533.521027
1649.642430,5619.102053
1662.782792,5597.476762
1714.337603,5578.783359
1636.601213,5585.171305
1668.261224,5533.987608
1557.213893,5588.929095
1659.943348,5632.964343
1602.983682,5669.688760
1637.811959,5537.635019
1606.251498,5498.509749
1598.058926,5656.531678
1545.821678,5675.605433
1427.691503,5614.292700
1479.133324,5634.767518
1475.120369,5692.283602
1612.225583,5626.935521
1583.999629,5618.276144
1539.803009,5664.357221
1550.046403,5645.146268
1591.027555,5633.353861
1782.711610,5561.897522
1657.731805,5634.180473
1551.426633,5678.649488
1654.787401,5599.211113
1575.104049,5618.528231
1551.053559,5680.181191
1674.914340,5567.712400
1652.049174,5718.630290
1644.499385,5601.076257
1634.674892,5633.404522
1499.555063,5558.191181
1644.212204,5675.600305
1732.396100,5705.056672
