2768.869597,5188.756808
2730.397957,5193.383827
2746.433144,5157.025576
2765.578962,5159.276017
2738.600703,5211.374403
2689.353825,5211.844397
2706.264823,5208.441868
2678.593115,5217.235721
2697.047597,5192.053468
2700.398299,5206.539366
2658.609266,5217.939278
2691.130827,5223.997888
2650.807830,5236.431053
2677.893142,5244.183872
2665.735486,5199.175631
2672.177831,5236.040658
2662.957097,5191.436455
2639.578606,5229.606178
2637.770220,5255.859924
2610.457115,5194.767250
2646.944159,5219.301516
2620.217208,5207.391100
2609.212998,5238.665154
2599.105597,5178.705034
2601.375873,5207.701654
2608.368853,5228.781184
2571.419063,5197.260086
2574.906640,5235.960116
2553.896069,5211.866655
2563.948552,5222.768367
2556.679936,5222.335076
2555.633740,5210.531630
2558.050756,5218.355991
2549.356148,5205.142478
2573.219840,5210.789395
2545.862016,5197.349643
2548.160119,5245.956537
2577.550379,5227.614605
2558.041876,5224.322840
2547.936926,5264.343887
1785.990396,5696.078229
1619.639286,5611.330968
1543.502050,5483.588949
1556.263795,5526.516269
1553.317282,5558.326015
1635.664549,5631.146970
1576.079394,5671.716327
1565.538586,5615.385436
1624.835169,5744.145808
1652.934466,5765.168151
1647.315403,5600.891176
1640.760669,5786.783722
1819.056757,5705.443644
1741.183401,5572.554218
1755.697292,5658.580945
1705.867817,5719.791857
1785.671773,5642.222561
1719.601869,5628.688589
1715.639673,5628.326439
1660.198704,5621.831572
1699.199691,5588.959948
1695.695099,5613.087944
1615.550689,5559.475439
1643.489817,5618.494002
1642.721687,5474.378610
1680.840180,5537.126319
1586.791097,5719.415697
1682.543879,5607.544340
1578.484186,5776.589013
1595.827602,5720.683832
1614.697288,5702.317424
1658.990696,5643.235187
1705.250766,5652.319182
1725.964392,5651.009423
1795.605125,5734.488063
1805.818468,5658.364440
1747.005746,5788.639071
1729.277191,5731.856021
1719.000865,5713.279126
1738.205000,5630.912233
3388.457152,4256.291529
3389.604082,4214.413119
3425.920974,4260.344586
3430.040252,4253.404187
3453.687922,4231.648243
3501.791802,4249.208223
3506.816147,4245.471609
3478.638944,4235.569796
3472.469652,4210.294358
3479.875345,4258.186757
3533.839564,4234.970414
3501.551376,4209.262566
3501.854519,4260.717257
3520.963573,4284.236611
3521.048792,4257.611153
3492.421382,4254.310184
3485.120426,4209.335417
3489.452325,4255.955948
3488.557831,4251.237948
3463.321600,4268.491905
3479.357917,4285.777652
3469.591084,4264.006287
3452.952237,4266.425133
3517.395722,4263.372597
3515.011404,4243.337971
3493.616831,4258.952035
3526.973269,4251.094123
3530.357299,4252.783951
3532.527580,4296.267059
3596.845187,4288.655768
3616.988564,4204.012725
3622.780794,4253.850877
3565.974439,4277.588210
3512.084255,4251.632066
3548.526065,4276.789779
3599.973015,4294.229874
3591.289088,4315.014379
3577.063482,4302.461814
3594.271736,4288.051135
3586.338141,4291.033127
2844.305217,5161.582064
2906.783112,5142.774730
2898.632361,5139.478188
2882.705887,5143.764447
2930.848173,5154.510028
2955.283098,5167.149510
2920.427591,5180.412540
2931.123980,5159.308353
2925.724155,5160.831577
2967.070817,5169.935368
2985.515507,5187.790139
2948.575000,5191.159329
2976.504153,5139.194348
2962.357977,5152.694921
2964.072444,5166.761271
2961.654346,5193.788798
2921.128427,5216.013274
2906.245063,5218.923784
2913.210190,5198.773685
2899.290861,5183.099372
2927.319949,5188.709350
2946.468321,5187.777202
2976.215643,5164.282291
2996.185391,5086.350274
2950.568427,5132.974332
2920.172250,5150.409112
2977.223318,5157.215984
2971.221849,5127.727985
2989.211644,5175.381392
2987.770120,5135.158720
2940.987245,5142.281108
2920.796633,5143.119576
2895.672325,5209.533794
2919.431408,5169.191933
2937.488961,5118.761028
2931.139704,5175.605279
2955.758716,5160.347694
2948.566049,5164.376252
2962.863363,5164.973385
2962.741780,5149.076736
2829.147163,5138.171714
2781.212707,5179.027865
2811.799727,5210.073842
2797.567464,5191.086368
2799.275535,5211.301174
2836.123640,5197.531761
2828.334972,5209.311009
2815.765839,5170.335117
2830.435237,5170.719110
2805.220005,5199.648713
2784.396777,5241.806695
2768.776486,5219.643670
2772.465397,5253.293340
2757.973052,5227.519010
2756.205350,5209.041248
2784.536725,5269.212437
2756.383568,5222.989099
2772.223530,5233.122706
2804.172604,5207.245030
2786.904551,5254.408230
2789.059341,5212.774189
2721.447393,5201.771180
2749.352325,5218.912254
2757.017953,5228.420726
2712.015716,5258.137036
2729.533589,5229.145873
2725.165345,5233.273500
2746.729447,5269.107333
2746.645984,5252.842451
2753.680155,5243.459914
2728.074714,5203.011602
2748.475870,5280.039756
2750.504317,5236.322178
2744.462096,5279.917476
2753.029841,5272.517931
2732.751584,5270.151553
2722.238789,5264.648722
2715.066817,5302.816962
2714.285063,5271.440955
2696.952159,5299.752285
2862.766728,5108.224684
2875.608104,5124.683378
2815.161046,5134.395980
2823.640714,5127.407889
2900.051051,5100.330754
2901.546720,5057.688755
2894.221170,5106.691948
2881.386716,5143.030621
2893.253177,5075.476681
2858.031380,5100.375790
2906.721721,5071.486617
2893.269975,5085.918205
2915.534571,5089.162252
2945.051855,5008.493553
2925.159667,5093.981296
2945.028597,5053.665156
2976.986711,5071.907389
3002.164242,5034.086407
2965.501970,5124.234400
2941.569184,5100.594208
2980.276957,5049.574477
2965.510004,5052.238117
3017.426070,5063.092106
2952.635991,5051.595338
2974.579337,5039.350447
3013.949398,5038.322861
3094.582929,4916.450602
3064.588763,4980.455002
3047.463022,5017.201206
3008.045468,5048.096475
3039.710174,5046.163801
3021.953333,5047.238349
2997.191572,5051.840512
3031.120610,5066.119927
2992.123324,5045.878472
2985.059373,5053.472524
2967.278502,5040.765514
2994.105411,5012.600799
2991.008049,5093.435144
3004.191193,5087.621463
