150
0.000000,1.000000;194.257334,-60.214988;-1
0.242536,0.970143;-88.755336,-74.882372;-1
0.554700,0.832050;-33.392342,-40.982654;-1
0.832050,0.554700;84.954709,-15.938025;-1
0.970143,0.242536;143.772284,-11.453341;-1
1.000000,0.000000;427.757566,-329.970621;-1
0.000000,1.000000;1645.715975,2952.530599;0
0.000000,1.000000;2019.508339,4132.422821;6
0.000000,1.000000;2011.286094,4695.846894;7
0.000000,1.000000;1909.839892,5359.005138;8
0.000000,1.000000;1821.576602,5518.456120;9
0.242536,0.970143;454.442788,1197.044522;1
0.242536,0.970143;402.779015,1431.216047;11
0.242536,0.970143;450.880732,1452.164395;12
0.242536,0.970143;422.267989,1483.416989;13
0.242536,0.970143;415.734180,1556.476951;14
0.554700,0.832050;2201.339828,2017.184416;2
0.554700,0.832050;2787.607284,3165.116928;16
0.554700,0.832050;2974.033563,3557.844125;17
0.554700,0.832050;3240.858614,3764.173781;18
0.554700,0.832050;3094.418164,3852.045359;19
0.832050,0.554700;2100.317789,2140.988943;3
0.832050,0.554700;2736.224030,3105.567538;21
0.832050,0.554700;3083.919676,3338.822452;22
0.832050,0.554700;3119.079709,3553.576267;23
0.832050,0.554700;3324.098613,3662.787856;24
0.970143,0.242536;2503.170239,1181.092716;4
0.970143,0.242536;3070.248684,3013.334738;26
0.970143,0.242536;3255.900397,3083.581671;27
0.970143,0.242536;3527.346931,3138.327042;28
0.970143,0.242536;3649.473607,3197.890768;29
1.000000,0.000000;993.493233,-199.900004;5
1.000000,0.000000;1636.698423,-38.841871;31
1.000000,0.000000;1676.525348,-132.631779;32
1.000000,0.000000;1646.343231,-198.448375;33
1.000000,0.000000;1713.799725,-196.090316;34
0.707107,0.707107;2167.573111,5255.136142;10
0.718900,0.695113;3623.419671,3524.645172;30
0.707107,0.707107;2355.189883,4968.738024;8
0.064359,0.997927;2984.384988,4006.713399;20
0.707107,0.707107;2419.003711,4635.120554;7
0.707107,0.707107;2355.099972,5069.792254;9
0.000000,1.000000;1715.229500,5362.589633;36
0.970143,0.242536;2833.914378,4274.353989;40
0.000000,1.000000;1696.102997,5595.772345;41
1.000000,-0.000000;2841.462770,3980.062973;38
0.064359,0.997927;2819.090624,4146.490335;39
0.707107,0.707107;2476.883523,5150.005561;36
0.970143,0.242536;3711.372629,3281.024111;30
0.258819,0.965926;2432.896619,4971.213594;43
0.000000,1.000000;2844.309047,4248.409385;46
0.718900,0.695113;2590.710248,4740.492947;43
0.874313,0.485363;3824.915871,3531.548977;37
0.707107,0.707107;2541.743236,5129.661226;47
0.885951,0.463778;532.314000,1440.218116;13
0.815748,0.578408;2470.051018,4653.062467;40
0.838298,0.545212;2408.987249,5017.977944;10
0.412415,0.910996;3020.082251,3801.055393;24
0.454198,0.890901;3054.805595,3770.552067;24
0.950244,0.311507;2600.769862,4600.937725;9
0.970143,0.242536;3839.753621,3483.821246;52
0.514496,0.857493;3721.796545,3838.617045;52
0.000000,1.000000;1590.201663,5681.987179;44
0.980581,0.196116;3433.936868,3653.822547;19
0.970143,0.242536;2888.777387,4561.080216;51
0.866025,0.500000;2583.052789,5129.392229;53
0.016820,0.999859;3525.812199,3897.543785;61
0.970143,0.242536;2959.964359,4535.704728;64
0.000000,1.000000;1772.835888,5568.193906;47
0.874313,0.485363;2821.910809,4819.638551;64
0.718900,0.695113;3763.342082,3724.180476;61
0.258819,0.965926;1829.035112,5422.048022;47
0.000000,1.000000;1626.148185,5364.253907;53
0.874313,0.485363;2990.678065,4686.583417;67
0.016820,0.999859;3653.922683,3977.421282;70
0.000000,1.000000;1589.695190,5682.382889;62
0.718900,0.695113;2902.233727,4893.763495;69
0.514496,0.857493;2772.050759,5047.570134;69
0.016820,0.999859;2468.461545,5142.215093;76
0.016820,0.999859;3520.312188,4104.080069;74
0.998489,0.054952;2885.541627,4076.642829;59
0.275029,0.961436;2641.009681,5119.518140;69
0.275029,0.961436;2810.930475,5043.590333;73
0.275029,0.961436;2670.866951,5136.630367;76
0.996018,0.089148;2815.388991,2588.366079;21
0.541011,0.841015;2302.825846,5353.428225;72
0.960610,0.277901;2566.628418,4576.222820;8
0.622128,0.782916;3703.960261,3680.334391;48
0.980687,0.195582;2816.293494,4401.448395;59
0.202537,0.979275;2287.179484,3071.569273;16
0.258819,0.965926;1647.109400,5612.910540;44
0.016820,0.999859;1807.089259,5380.388100;88
0.970143,0.242536;2976.944064,4946.456471;76
0.514496,0.857493;2843.866100,5031.017873;82
0.500000,0.866025;1968.093817,5587.262564;44
0.970143,0.242536;2975.022289,4909.094122;77
0.707107,0.707107;1872.502704,5500.452747;62
0.016820,0.999859;3432.715379,4164.854452;79
0.965926,0.258819;2637.143187,5055.734139;94
0.970143,0.242536;3001.644367,4933.509451;92
0.500000,0.866025;1948.285776,5617.761687;75
0.514496,0.857493;2815.573999,5104.497449;92
0.275029,0.961436;2817.416748,5174.333917;101
0.500000,0.866025;1874.737067,5603.539064;100
0.016820,0.999859;3392.085228,4245.418173;97
0.258819,0.965926;1714.775595,5526.293549;100
0.514496,0.857493;2822.133825,5138.757589;83
0.718900,0.695113;3771.093815,3805.200019;60
0.016820,0.999859;2547.936926,5264.343887;102
0.000000,1.000000;1738.205000,5630.912233;103
0.718900,0.695113;3586.338141,4291.033127;104
0.874313,0.485363;2962.741780,5149.076736;102
0.275029,0.961436;2696.952159,5299.752285;102
0.970143,0.242536;3004.191193,5087.621463;106
0.992221,0.124489;2684.094131,4337.869700;8
0.480902,0.876774;2888.629516,5133.212208;113
0.831292,0.555836;3844.879502,3908.125387;66
0.487706,0.873008;3265.500725,3943.631065;20
0.999838,0.018004;3311.148452,4075.817775;50
0.716866,0.697211;3277.125819,3409.093410;28
0.997838,0.065722;3894.127708,3705.239368;116
0.874313,0.485363;3614.664021,4290.054053;110
0.016820,0.999859;3445.058145,4303.936891;110
0.275029,0.961436;2676.056998,5289.085423;112
0.016820,0.999859;2507.963826,5282.925175;108
0.970143,0.242536;3695.110495,4225.822675;110
0.275029,0.961436;2671.591445,5289.356689;124
0.275029,0.961436;2683.708495,5303.719018;124
0.970143,0.242536;3811.804239,4183.976188;125
0.275029,0.961436;2732.026281,5296.845883;108
0.874313,0.485363;3003.321862,5214.962763;112
0.016820,0.999859;3535.516931,4393.974691;122
0.016820,0.999859;2513.401102,5281.465140;124
0.970143,0.242536;2991.449147,5185.392360;127
0.514496,0.857493;3595.868417,4386.127953;131
0.970143,0.242536;3006.376897,5178.385077;130
0.275029,0.961436;3546.653779,4347.028481;122
0.275029,0.961436;2697.697837,5293.546681;130
0.970143,0.242536;3847.404305,4195.774516;128
0.016820,0.999859;2642.444305,5311.315221;133
0.016820,0.999859;3522.860145,4405.049611;136
0.874313,0.485363;3747.725680,4191.080655;128
0.500000,0.866025;1847.964364,5702.748708;109
0.514496,0.857493;2749.823318,5301.115937;129
0.954931,0.296828;3655.345285,3200.686640;30
0.556708,0.830708;2014.832982,5625.659027;94
0.382853,0.923809;2773.629123,5131.329332;106
0.837571,0.546329;3634.568483,4347.078660;122
0.106245,0.994340;1658.060773,5708.569120;75
0.861715,0.507393;2547.369960,5058.442521;44
69
15
148
75
90
44
142
109
103
10
145
100
54
11
36
85
8
41
132
108
112
127
143
129
102
106
115
101
130
135
99
92
64
114
73
67
43
50
46
80
45
39
89
140
122
134
131
147
121
125
79
141
66
138
128
63
119
116
107
70
87
120
28
52
84
60
48
144
30
26
