54.000000,52.917122
54.000000,53.052323
54.000000,53.144367
54.500000,53.216236
54.500000,53.240745
54.500000,53.376862
54.500000,53.615530
54.500000,53.690801
54.500000,53.891821
54.500000,54.127701
54.500000,54.235865
55.000000,54.126001
55.000000,54.279004
55.000000,54.528455
55.000000,54.729150
55.000000,54.967385
55.000000,55.290018
55.000000,55.637249
55.000000,55.968309
55.000000,56.124891
43.500000,61.380898
44.000000,59.507863
44.000000,59.776314
44.000000,60.896622
44.500000,60.221289
45.000000,60.223040
45.000000,60.154060
46.000000,59.474313
46.000000,59.879638
46.500000,59.670227
47.000000,59.307594
47.500000,58.545681
48.000000,58.213566
48.500000,57.506096
49.000000,57.130843
49.500000,56.907649
49.500000,56.794103
50.000000,56.366722
50.000000,56.416226
50.500000,56.052676
50.500000,53.960952
50.500000,53.980256
51.000000,53.905837
51.000000,53.879422
51.500000,53.703423
51.500000,53.686311
52.000000,53.546860
52.500000,53.482643
52.500000,53.634953
52.500000,53.624192
53.000000,53.430401
53.000000,53.352831
53.000000,53.524535
53.500000,53.285148
53.500000,53.475737
53.500000,53.801552
54.000000,53.544511
54.000000,53.552250
54.000000,53.485390
54.000000,53.837935
-100.000000,192.673730
-100.000000,182.588925
-100.000000,175.147572
-100.000000,166.443859
-100.000000,168.648759
-100.000000,180.806175
-100.000000,193.840755
-100.000000,183.544741
-100.000000,160.418958
-100.000000,146.272916
-100.000000,161.076893
-100.000000,170.488006
-100.000000,186.264273
-100.000000,195.179974
-100.000000,187.553888
-100.000000,180.540917
-100.000000,176.466191
-100.000000,183.425194
-100.000000,193.347639
-100.000000,196.346938
-100.000000,187.760772
-100.000000,194.020737
-100.000000,195.905866
-100.000000,194.161379
-100.000000,192.310056
-100.000000,191.753656
-100.000000,195.024794
-100.000000,195.926176
-100.000000,196.559657
-100.000000,193.826399
-100.000000,189.768705
-100.000000,183.272374
-100.000000,176.120438
-100.000000,161.859040
-100.000000,167.177031
-100.000000,164.917499
-100.000000,171.014708
-100.000000,176.568518
-100.000000,181.825104
-100.000000,188.902469
66.500000,46.554123
66.500000,46.554533
67.000000,46.187200
67.000000,46.291650
67.000000,46.281780
67.000000,46.243950
67.000000,46.340450
67.000000,46.386830
67.000000,46.383088
67.000000,46.403363
67.000000,46.406583
67.000000,46.365443
67.000000,46.396163
67.000000,46.387417
67.000000,46.458878
67.000000,46.399552
67.000000,46.393448
67.000000,46.408930
67.000000,46.402219
67.500000,46.074593
