59.500000,62.557010
60.000000,60.687292
60.500000,58.691093
61.000000,57.392652
61.000000,56.606947
61.500000,55.826357
61.000000,56.480221
61.000000,57.200719
61.000000,56.891924
61.000000,56.801086
61.000000,57.453684
60.500000,58.124507
60.500000,58.955989
60.500000,58.625477
60.500000,59.621588
61.000000,58.419675
61.000000,57.994922
61.000000,58.977467
61.000000,58.668074
61.000000,59.462442
37.500000,104.156175
44.000000,92.316147
48.000000,84.942831
51.000000,79.679013
53.000000,75.935597
54.500000,73.493120
55.500000,71.689023
57.000000,69.188318
57.500000,68.257169
58.500000,66.546900
59.000000,65.250262
59.500000,64.349972
60.000000,63.579993
60.500000,62.386890
61.000000,61.486759
61.500000,60.838632
62.000000,59.814614
62.000000,59.254996
62.500000,58.243849
63.000000,57.190807
63.000000,59.932671
63.000000,59.639762
63.500000,58.952718
63.500000,58.786154
63.500000,58.734002
63.500000,58.882976
63.500000,58.737254
63.000000,59.304629
63.000000,59.137004
63.000000,59.126571
63.000000,59.282579
63.000000,59.187985
63.000000,59.334296
63.000000,59.533047
63.000000,59.593665
62.500000,60.365171
62.500000,60.503867
62.500000,60.567357
62.000000,61.562964
62.000000,61.972538
67.000000,48.948455
67.000000,48.772141
67.000000,48.624348
67.000000,48.494109
67.000000,48.351982
67.000000,48.272158
67.000000,48.131365
67.000000,48.052139
67.000000,47.951167
67.000000,47.890666
67.000000,47.802939
67.000000,47.708178
67.000000,47.607976
67.000000,47.524442
67.500000,47.043639
67.500000,46.968682
67.500000,46.895138
67.500000,46.806904
67.500000,46.725384
67.500000,46.654226
67.000000,48.508229
67.000000,48.639853
67.000000,48.730400
67.000000,48.842276
67.000000,48.945834
67.000000,49.037505
67.000000,49.153954
67.000000,49.284093
67.000000,49.411751
66.500000,49.987226
66.500000,50.127816
66.500000,50.253424
66.500000,50.346161
66.500000,50.419110
66.500000,50.535108
66.500000,50.643667
66.500000,50.728614
66.500000,50.839037
66.500000,50.927784
66.500000,51.020526
40.500000,98.674754
47.000000,86.615493
50.500000,80.575714
52.500000,76.587136
54.500000,73.284620
56.000000,70.544718
57.000000,68.482624
58.000000,66.614586
59.000000,64.627649
60.000000,62.943644
60.500000,61.594180
61.500000,59.974678
61.500000,59.412517
62.500000,57.743653
62.500000,57.095667
63.000000,56.018162
63.500000,54.922358
64.000000,53.860276
64.000000,53.245425
64.500000,52.249893
