2831.100431,5139.459582
2866.562051,5153.825258
2818.321992,5138.118318
2831.134609,5142.120229
2768.973874,5115.631360
2829.217705,5173.959696
2793.601367,5124.694864
2853.480695,5186.589118
2855.724821,5133.003221
2847.684943,5146.212676
2791.711786,5147.354080
2810.985069,5089.705444
2832.000194,5163.674431
2825.305668,5148.546432
2842.238837,5119.335158
2782.136061,5115.830384
2808.105629,5159.391359
2837.635772,5182.133306
2834.283132,5129.514666
2833.373486,5149.400456
2881.087676,5192.120347
2859.747503,5188.048554
2850.962238,5173.312642
2802.535753,5168.564266
2833.625838,5157.476310
2832.479479,5189.788234
2830.205971,5170.302388
2804.745008,5162.232384
2837.741507,5169.492381
2892.465240,5208.875362
2861.184688,5178.161221
2861.865573,5206.754567
2784.784360,5203.005538
2824.873751,5213.205149
2832.078261,5151.722155
2792.335342,5186.528402
2846.349910,5170.955102
2817.897242,5181.808873
2824.962734,5185.164818
2817.416748,5174.333917
2115.420485,5367.636413
2037.156892,5517.482963
2006.271366,5473.279644
2056.740678,5474.583363
2068.464434,5472.953847
2098.613215,5473.793224
2227.058666,5335.676114
2033.025388,5513.667228
2142.684557,5486.339701
1999.288366,5522.838503
1979.634129,5498.047035
2041.895153,5546.711026
2059.726341,5502.948259
2033.553653,5545.169603
2002.775567,5531.140890
1978.389553,5524.654164
1917.435414,5588.720733
1939.425569,5581.237006
1983.579352,5505.859586
1894.916810,5432.598108
1962.315868,5441.466879
1904.963912,5557.799359
1989.770355,5501.097558
2010.212542,5493.565672
2080.366152,5508.536509
2106.457174,5488.119570
2063.767392,5462.799403
2103.109799,5496.728603
1987.958845,5530.129108
2033.293092,5497.305636
2060.137962,5457.263006
2012.434761,5514.407707
2048.468920,5450.434925
2006.170279,5478.827783
1924.994923,5515.962957
1881.015406,5533.595171
1848.660658,5603.907901
1941.697099,5532.372675
1872.475190,5667.881703
1874.737067,5603.539064
3416.377260,4177.620505
3460.230929,4190.639159
3429.158685,4187.822668
3390.099875,4169.418220
3353.179172,4127.621188
3364.617610,4173.984107
3415.171320,4199.836869
3390.142126,4195.503297
3413.767588,4180.060782
3409.265885,4161.798283
3356.937319,4189.888133
3376.420550,4188.040166
3335.132048,4131.340388
3408.076875,4178.998856
3397.869573,4202.466641
3387.669875,4212.945741
3383.408492,4193.695703
3412.133301,4236.774204
3408.068384,4198.004326
3413.157319,4229.584082
3415.591415,4223.075198
3402.911938,4223.355644
3449.553680,4238.248271
3430.877281,4231.352206
3414.360029,4230.187616
3440.909218,4262.026282
3456.001397,4275.152415
3432.907240,4263.070860
3441.337643,4274.451196
3441.988818,4259.834890
3429.781396,4259.300356
3425.040997,4250.671409
3431.078264,4273.582891
3424.384886,4261.060861
3402.633638,4246.424471
3447.739052,4269.446374
3373.380257,4227.479556
3389.555061,4271.010482
3390.533739,4237.443232
3392.085228,4245.418173
1962.874041,5563.401830
1872.409695,5674.492333
1894.791343,5592.128043
1774.184823,5624.795980
1698.006350,5653.983568
1751.011655,5660.259780
1795.180727,5697.706300
1845.605260,5642.997578
1804.574879,5630.708774
1790.698003,5615.306165
1761.620009,5680.078137
1752.419114,5669.270074
1732.080683,5669.163551
1617.624484,5692.974302
1618.584460,5627.729459
1659.287468,5550.139310
1589.340033,5664.761977
1583.901669,5544.290018
1615.159481,5636.306328
1659.577568,5655.215353
1681.866622,5628.438629
1692.157562,5627.675984
1742.080522,5581.198232
1690.057652,5592.185131
1756.492372,5634.691077
1729.152282,5571.688912
1674.836627,5681.033596
1693.257183,5707.967391
1648.927263,5693.955783
1614.765049,5699.597504
1613.084585,5648.956674
1633.359178,5512.374922
1779.202354,5675.075582
1758.878559,5518.248378
1833.034827,5706.197889
1706.981051,5649.699827
1771.948129,5649.978274
1744.413508,5626.315169
1738.169028,5699.984264
1714.775595,5526.293549
2723.335915,5131.487702
2756.295667,5092.824732
2778.636961,5133.166961
2760.926195,5113.347302
2741.980012,5090.788599
2754.226067,5047.570460
2772.148140,5096.196389
2793.778534,5099.193530
2767.352964,5108.828411
2750.120782,5064.578419
2772.233206,5132.945076
2774.490163,5095.740828
2785.171673,5136.475434
2787.897415,5132.882319
2789.054162,5141.524255
2787.280079,5116.891114
2818.700904,5135.576949
2813.605156,5128.343339
2805.023680,5126.527323
2767.007626,5124.726858
2795.861522,5140.362489
2814.453269,5131.475425
2810.808990,5145.219880
2788.069627,5160.220897
2816.508322,5147.862907
2834.496037,5143.929341
2819.848142,5137.175888
2847.115268,5145.381401
2816.894795,5130.250607
2792.005521,5101.244515
2803.654838,5167.542593
2849.733518,5137.317431
2803.139471,5133.770824
2816.466480,5103.369953
2812.553822,5163.409575
2806.311283,5128.661623
2792.674823,5110.224242
2838.925565,5122.737571
2817.505500,5151.035338
2822.133825,5138.757589
3796.352018,3444.695583
3793.804659,3469.796498
3827.635359,3552.361896
3833.092319,3586.193416
3803.100127,3493.496105
3809.391508,3585.650951
3813.424853,3623.673887
3856.731910,3673.186166
3867.613789,3669.795425
3807.830575,3700.053748
3818.801427,3695.016894
3820.043716,3682.874497
3795.119807,3584.051226
3825.642114,3576.310049
3779.794195,3517.918403
3770.363880,3553.556200
3768.244206,3617.504624
3830.369162,3716.332003
3782.338475,3652.114590
3765.943933,3669.498982
3788.258423,3647.038716
3768.910401,3714.714750
3776.290637,3723.037477
3786.456527,3695.166159
3759.015501,3688.720684
3753.607846,3651.937002
3720.471716,3676.604294
3729.959560,3656.002385
3747.006604,3715.601921
3764.480882,3723.502834
3762.917635,3736.512541
3793.629189,3740.621007
3780.263711,3718.884147
3761.660540,3754.250461
3784.753978,3769.539625
3781.320198,3740.379076
3784.780930,3771.571857
3748.992803,3783.511545
3740.486734,3792.044942
3771.093815,3805.200019
