-100.000000,198.433129
-100.000000,198.424892
-100.000000,198.591183
-100.000000,198.613713
-100.000000,198.616088
-100.000000,198.735553
-100.000000,198.529086
-100.000000,198.462442
-100.000000,198.323689
-100.000000,198.139780
-100.000000,198.019017
-100.000000,197.893226
-100.000000,198.082544
-100.000000,197.737314
-100.000000,197.794179
-100.000000,197.805015
-100.000000,197.977350
-100.000000,197.921980
-100.000000,197.681685
-100.000000,197.594505
-100.000000,198.789859
-100.000000,198.701437
-100.000000,198.356356
-100.000000,198.302299
-100.000000,198.191689
-100.000000,198.261635
-100.000000,198.053574
-100.000000,198.060485
-100.000000,198.157893
-100.000000,198.124234
-100.000000,197.914322
-100.000000,198.108344
-100.000000,198.242931
-100.000000,197.852588
-100.000000,197.829461
-100.000000,197.817957
-100.000000,197.690908
-100.000000,197.226924
-100.000000,197.131419
-100.000000,196.213530
-100.000000,196.773297
-100.000000,196.769274
-100.000000,197.015732
-100.000000,197.610926
-100.000000,197.759654
-100.000000,198.007099
-100.000000,197.795287
-100.000000,197.536103
-100.000000,197.082700
-100.000000,197.039565
-100.000000,196.950749
-100.000000,196.430523
-100.000000,196.168837
-100.000000,196.829910
-100.000000,197.141687
-100.000000,197.270339
-100.000000,197.529546
-100.000000,197.734187
-100.000000,197.579914
-100.000000,197.383907
67.500000,47.016686
67.500000,46.976594
67.500000,46.964400
67.500000,46.919748
67.500000,46.907812
67.500000,46.879623
67.500000,46.865880
67.500000,46.834891
67.500000,46.852974
67.500000,46.859694
67.500000,46.894240
67.500000,46.880159
67.500000,46.896707
67.500000,46.892145
67.500000,46.917103
67.500000,46.940067
67.500000,46.922606
67.500000,46.931860
67.500000,46.907041
67.500000,46.898916
67.500000,44.812258
67.500000,44.821609
67.500000,44.831332
67.500000,44.837967
67.500000,44.833883
67.500000,44.829659
67.500000,44.842081
67.500000,44.827884
67.500000,44.813910
67.500000,44.804446
67.500000,44.803631
67.500000,44.784101
67.500000,44.772939
67.500000,44.754550
67.500000,44.774906
67.500000,44.755714
67.500000,44.744988
67.500000,44.771850
67.500000,44.765392
67.500000,44.756591
56.000000,51.578130
56.000000,51.502053
56.000000,51.512778
56.000000,51.535057
56.000000,51.519460
56.000000,51.471977
56.000000,51.557965
56.000000,51.528513
56.000000,51.467548
56.000000,51.418988
56.000000,51.373684
56.000000,51.386384
56.000000,51.390994
56.000000,51.351628
56.000000,51.431113
56.000000,51.436907
56.000000,51.369140
56.000000,51.341655
56.000000,51.329392
56.000000,51.317610
