-100.000000,198.432772
-100.000000,198.450958
-100.000000,198.517324
-100.000000,198.470783
-100.000000,198.505699
-100.000000,198.492490
-100.000000,198.592440
-100.000000,198.665120
-100.000000,198.678164
-100.000000,198.569288
-100.000000,198.499985
-100.000000,198.547807
-100.000000,198.464033
-100.000000,198.437863
-100.000000,198.354734
-100.000000,198.391539
-100.000000,198.507243
-100.000000,198.504805
-100.000000,198.487418
-100.000000,198.293545
-100.000000,198.438370
-100.000000,198.459487
-100.000000,198.527346
-100.000000,198.475920
-100.000000,198.505423
-100.000000,198.485761
-100.000000,198.589233
-100.000000,198.667715
-100.000000,198.680235
-100.000000,198.578072
-100.000000,198.503198
-100.000000,198.552177
-100.000000,198.471031
-100.000000,198.441375
-100.000000,198.364507
-100.000000,198.402653
-100.000000,198.518199
-100.000000,198.513630
-100.000000,198.506234
-100.000000,198.325354
-100.000000,198.435802
-100.000000,198.450267
-100.000000,198.523771
-100.000000,198.485195
-100.000000,198.520104
-100.000000,198.487773
-100.000000,198.585195
-100.000000,198.673775
-100.000000,198.688958
-100.000000,198.589519
-100.000000,198.515689
-100.000000,198.577924
-100.000000,198.501125
-100.000000,198.487118
-100.000000,198.404000
-100.000000,198.444592
-100.000000,198.578400
-100.000000,198.564469
-100.000000,198.551895
-100.000000,198.370494
63.000000,55.173816
63.000000,56.234654
62.500000,57.194700
60.500000,62.011137
62.000000,59.316383
62.500000,56.967092
63.000000,55.671762
63.000000,54.983704
63.500000,54.276265
63.500000,53.606499
63.500000,52.650691
63.000000,53.199707
63.500000,52.778977
63.500000,52.196524
63.500000,51.906227
63.000000,51.753944
63.500000,51.395979
63.500000,51.262015
63.500000,51.031139
63.000000,51.302686
67.500000,46.593101
67.500000,46.433382
67.500000,46.395360
67.500000,46.243735
67.500000,46.131782
67.500000,46.032473
67.500000,45.932584
67.500000,45.812645
67.500000,45.699091
67.500000,45.647903
67.500000,45.626523
67.500000,45.592430
67.500000,45.548443
67.500000,45.532109
67.500000,45.462668
67.500000,45.420218
67.500000,45.386451
67.500000,45.347592
67.500000,45.343745
67.500000,45.345726
67.500000,46.561504
67.500000,46.361880
67.500000,46.295553
67.500000,46.117453
67.500000,46.010152
67.500000,45.913325
67.500000,45.770685
67.500000,45.618681
67.500000,45.532756
67.500000,45.496094
67.500000,45.413959
67.500000,45.333946
67.500000,45.287521
67.500000,45.241711
67.500000,45.192232
67.500000,45.140696
67.500000,45.108611
67.500000,45.086906
67.500000,45.076650
67.500000,45.074266
