48
0.000000,1.000000;-100.000000,192.920132;-1
0.242536,0.970143;-100.000000,195.489522;-1
0.554700,0.832050;-100.000000,198.523023;-1
0.832050,0.554700;-100.000000,198.407472;-1
0.970143,0.242536;-100.000000,199.832117;-1
1.000000,0.000000;-100.000000,197.327119;-1
0.000000,1.000000;-100.000000,193.910650;0
0.000000,1.000000;-100.000000,199.311898;6
0.000000,1.000000;-100.000000,198.850750;7
0.000000,1.000000;-100.000000,198.956194;8
0.242536,0.970143;-100.000000,191.429915;1
0.242536,0.970143;-100.000000,199.261696;10
0.242536,0.970143;-100.000000,199.082286;11
0.242536,0.970143;-100.000000,199.085006;12
0.554700,0.832050;-100.000000,199.801921;2
0.554700,0.832050;-100.000000,199.726195;14
0.554700,0.832050;-100.000000,199.694347;15
0.554700,0.832050;-100.000000,199.656593;16
0.832050,0.554700;63.000000,138.702195;3
0.832050,0.554700;66.000000,146.631464;18
0.832050,0.554700;65.500000,152.357323;19
0.832050,0.554700;65.500000,153.729578;20
0.970143,0.242536;24.000000,138.930602;4
0.970143,0.242536;63.500000,141.596456;22
0.970143,0.242536;65.500000,141.570854;23
0.970143,0.242536;67.000000,144.286316;24
1.000000,0.000000;30.000000,127.898080;5
1.000000,0.000000;38.500000,104.847971;26
1.000000,0.000000;49.000000,106.472001;27
1.000000,0.000000;53.000000,109.685068;28
0.000000,1.000000;-100.000000,198.522642;9
0.242536,0.970143;-100.000000,199.085579;13
0.554700,0.832050;-100.000000,199.641252;17
0.832050,0.554700;65.000000,153.730194;21
0.970143,0.242536;67.000000,145.940968;25
1.000000,0.000000;54.500000,114.101290;29
0.000000,1.000000;-100.000000,198.208078;30
0.242536,0.970143;-100.000000,199.078632;31
0.554700,0.832050;-100.000000,199.603405;32
0.832050,0.554700;65.500000,152.840651;33
0.970143,0.242536;67.000000,146.279169;34
1.000000,0.000000;55.000000,115.405780;35
0.000000,1.000000;-100.000000,198.039672;36
0.242536,0.970143;-100.000000,199.048146;37
0.554700,0.832050;-100.000000,199.650218;38
0.832050,0.554700;65.500000,153.173422;39
0.970143,0.242536;67.000000,145.873033;40
1.000000,0.000000;55.500000,115.182725;41
15
22
26
27
21
33
19
23
40
34
47
41
14
15
6
10
