-100.000000,197.957303
-100.000000,198.047570
-100.000000,198.276388
-100.000000,198.231344
-100.000000,198.397803
-100.000000,198.320666
-100.000000,198.322759
-100.000000,198.274652
-100.000000,198.528725
-100.000000,198.619858
-100.000000,198.414175
-100.000000,198.498948
-100.000000,198.473919
-100.000000,198.599292
-100.000000,198.439307
-100.000000,198.463640
-100.000000,198.390325
-100.000000,198.455619
-100.000000,198.501326
-100.000000,198.504660
-100.000000,197.958813
-100.000000,198.044501
-100.000000,198.264861
-100.000000,198.211797
-100.000000,198.370530
-100.000000,198.316446
-100.000000,198.298687
-100.000000,198.261210
-100.000000,198.500195
-100.000000,198.613415
-100.000000,198.424372
-100.000000,198.518311
-100.000000,198.483676
-100.000000,198.620333
-100.000000,198.464954
-100.000000,198.485450
-100.000000,198.405728
-100.000000,198.455997
-100.000000,198.517752
-100.000000,198.498374
-100.000000,197.967745
-100.000000,198.050335
-100.000000,198.270100
-100.000000,198.214209
-100.000000,198.383437
-100.000000,198.329845
-100.000000,198.323848
-100.000000,198.281209
-100.000000,198.528639
-100.000000,198.651083
-100.000000,198.461750
-100.000000,198.539927
-100.000000,198.498456
-100.000000,198.631025
-100.000000,198.464632
-100.000000,198.482283
-100.000000,198.413637
-100.000000,198.491467
-100.000000,198.548341
-100.000000,198.532034
62.000000,57.836495
62.500000,56.517631
63.000000,55.879839
63.500000,54.066498
63.500000,53.335389
63.500000,53.391084
63.500000,52.720964
63.500000,52.883893
63.500000,52.881268
63.500000,52.414296
63.500000,52.253648
63.500000,51.858862
63.500000,51.733122
63.500000,51.448765
63.500000,50.987637
63.500000,50.710411
63.500000,50.615309
63.500000,50.326402
63.000000,50.354132
63.000000,50.137829
67.500000,46.565003
67.500000,46.451081
67.500000,46.392984
67.500000,46.289438
67.500000,46.204941
67.500000,46.107193
67.500000,46.010694
67.500000,45.968075
67.500000,45.904264
67.500000,45.844969
67.500000,45.800148
67.500000,45.754436
67.500000,45.726869
67.500000,45.684456
67.500000,45.618282
67.500000,45.573335
67.500000,45.482108
67.500000,45.434604
67.500000,45.403582
67.500000,45.401951
67.500000,46.562905
67.500000,46.386439
67.500000,46.232936
67.500000,46.092824
67.500000,46.002363
67.500000,45.873290
67.500000,45.712217
67.500000,45.593434
67.500000,45.495808
67.500000,45.404574
67.500000,45.326027
67.500000,45.296221
67.500000,45.243879
67.500000,45.181003
67.500000,45.154119
67.500000,45.131383
67.500000,45.110588
67.500000,45.088614
67.500000,45.069169
67.500000,45.046598
