42
0.000000,1.000000;194.257334,-60.214988;-1
0.242536,0.970143;-88.755336,-74.882372;-1
0.554700,0.832050;-33.392342,-40.982654;-1
0.832050,0.554700;84.954709,-15.938025;-1
0.970143,0.242536;143.772284,-11.453341;-1
1.000000,0.000000;427.757566,-329.970621;-1
0.000000,1.000000;1217.516749,2116.506642;0
0.000000,1.000000;2022.364204,3896.063937;6
0.000000,1.000000;1739.286416,5279.301504;7
0.000000,1.000000;1618.346731,5368.155051;8
0.000000,1.000000;1373.970690,5546.198202;9
0.242536,0.970143;445.506886,1284.477067;1
0.242536,0.970143;404.738100,1404.377330;11
0.242536,0.970143;405.025327,1477.886422;12
0.242536,0.970143;398.681286,1503.602990;13
0.242536,0.970143;428.087393,1512.534776;14
0.554700,0.832050;1926.565749,2010.719726;2
0.554700,0.832050;2352.025328,3220.856025;16
0.554700,0.832050;2898.493610,3728.330922;17
0.554700,0.832050;3169.886656,3873.126189;18
0.554700,0.832050;3210.971801,3935.614006;19
0.832050,0.554700;2044.341872,1798.789864;3
0.832050,0.554700;2611.663842,2923.984581;21
0.832050,0.554700;3177.616812,3110.633571;22
0.832050,0.554700;3444.500527,3309.794834;23
0.832050,0.554700;3523.592018,3479.949447;24
0.970143,0.242536;2709.096567,1707.844721;4
0.970143,0.242536;2944.379407,2895.637678;26
0.970143,0.242536;3225.951848,3293.666513;27
0.970143,0.242536;3572.903475,3374.593354;28
0.970143,0.242536;3564.968395,3554.093879;29
1.000000,0.000000;999.415058,-174.422745;5
1.000000,0.000000;1626.650646,132.354263;31
1.000000,0.000000;3292.705256,540.002746;32
1.000000,0.000000;3316.118353,1216.457303;33
1.000000,0.000000;3594.958442,1510.613866;34
0.970143,0.242536;3679.563441,3582.652650;30
0.707107,0.707107;2321.992662,5158.288671;10
0.064359,0.997927;3116.561683,4020.455668;20
0.874313,0.485363;3554.692309,3526.780273;29
0.707107,0.707107;2220.611965,5230.978120;9
0.554700,0.832050;3369.781967,3938.111203;20
30
10
14
15
13
9
8
11
40
37
7
6
17
38
18
20
19
41
22
16
28
36
30
29
24
21
26
35
34
33
32
