-100.000000,198.426526
-100.000000,198.409772
-100.000000,198.261692
-100.000000,198.169202
-100.000000,198.112017
-100.000000,198.145136
-100.000000,198.004281
-100.000000,197.845223
-100.000000,197.898935
-100.000000,197.835084
-100.000000,197.762952
-100.000000,197.617812
-100.000000,197.446414
-100.000000,197.350962
-100.000000,197.530008
-100.000000,197.463409
-100.000000,197.346795
-100.000000,197.417919
-100.000000,197.194171
-100.000000,196.925921
-100.000000,198.426725
-100.000000,198.410027
-100.000000,198.260182
-100.000000,198.167196
-100.000000,198.111679
-100.000000,198.149207
-100.000000,198.007362
-100.000000,197.845653
-100.000000,197.902394
-100.000000,197.834742
-100.000000,197.763577
-100.000000,197.617945
-100.000000,197.444806
-100.000000,197.348195
-100.000000,197.528797
-100.000000,197.462554
-100.000000,197.344824
-100.000000,197.410544
-100.000000,197.183416
-100.000000,196.912126
-100.000000,198.428049
-100.000000,198.409648
-100.000000,198.257759
-100.000000,198.162597
-100.000000,198.102200
-100.000000,198.141165
-100.000000,197.999209
-100.000000,197.835777
-100.000000,197.896013
-100.000000,197.825945
-100.000000,197.746652
-100.000000,197.599626
-100.000000,197.416820
-100.000000,197.310352
-100.000000,197.490764
-100.000000,197.429324
-100.000000,197.303442
-100.000000,197.371231
-100.000000,197.132909
-100.000000,196.844745
61.500000,59.246217
60.500000,59.926225
62.500000,56.807190
60.000000,61.356771
62.500000,56.560672
63.000000,55.558726
63.000000,55.668653
63.000000,56.247212
63.000000,55.125752
63.500000,54.565770
63.000000,55.188445
63.000000,55.197984
63.000000,54.971831
63.000000,54.758983
63.000000,55.094307
63.000000,54.401256
63.000000,53.993827
63.000000,53.727332
63.500000,52.912412
63.000000,53.314152
67.500000,46.590507
67.500000,46.449543
67.500000,46.334257
67.500000,46.233391
67.500000,46.107053
67.500000,46.052865
67.500000,45.983624
67.500000,45.922502
67.500000,45.851853
67.500000,45.803227
67.500000,45.737947
67.500000,45.682581
67.500000,45.633869
67.500000,45.609868
67.500000,45.553319
67.500000,45.506409
67.500000,45.466059
67.500000,45.448173
67.500000,45.400208
67.500000,45.364844
67.500000,46.540375
67.500000,46.370205
67.500000,46.227503
67.500000,46.100321
67.500000,45.984183
67.500000,45.938351
67.500000,45.860927
67.500000,45.746087
67.500000,45.652248
67.500000,45.617470
67.500000,45.584653
67.500000,45.535981
67.500000,45.465881
67.500000,45.401242
67.500000,45.344201
67.500000,45.291208
67.500000,45.257259
67.500000,45.232290
67.500000,45.212810
67.500000,45.175368
