24.500000,119.593973
22.000000,89.203988
24.500000,87.227274
28.000000,87.672375
-100.000000,199.507905
-100.000000,199.164103
-100.000000,195.716100
-100.000000,194.520357
-100.000000,188.825707
-100.000000,185.038473
-100.000000,180.743307
-100.000000,180.552383
-100.000000,174.644792
-100.000000,174.358272
-100.000000,164.544597
-100.000000,157.011891
-100.000000,155.931748
49.000000,72.310637
50.500000,72.734679
43.000000,61.601167
-100.000000,137.009277
-100.000000,134.424295
53.000000,68.850243
52.000000,65.698917
48.000000,61.761216
-100.000000,124.115807
54.500000,67.059638
51.000000,59.604681
52.000000,57.434838
50.500000,56.052676
55.000000,59.197383
53.500000,58.635913
-100.000000,104.360652
53.500000,56.759427
57.000000,58.606121
55.000000,56.124891
58.500000,57.386729
54.000000,53.837935
62.500000,56.362083
61.500000,54.438267
65.500000,52.593555
63.500000,52.267415
66.000000,51.674197
65.500000,52.247178
66.500000,50.704943
66.000000,51.020389
67.000000,48.746029
65.500000,47.592933
67.000000,48.676877
67.000000,48.236679
67.500000,46.803079
67.500000,46.727431
67.500000,45.829495
67.500000,45.785088
