-100.000000,197.362225
-100.000000,197.293822
-100.000000,197.534761
-100.000000,197.742103
-100.000000,197.696185
-100.000000,197.977900
-100.000000,197.969567
-100.000000,198.019055
-100.000000,197.962704
-100.000000,197.783577
-100.000000,197.731754
-100.000000,197.571005
-100.000000,197.698734
-100.000000,197.600646
-100.000000,197.685251
-100.000000,197.668496
-100.000000,197.861610
-100.000000,197.851385
-100.000000,197.724432
-100.000000,197.727300
-100.000000,198.509563
-100.000000,198.479999
-100.000000,198.283102
-100.000000,198.004035
-100.000000,198.228523
-100.000000,198.209279
-100.000000,197.869002
-100.000000,197.886567
-100.000000,198.013448
-100.000000,198.140392
-100.000000,197.954954
-100.000000,197.921233
-100.000000,198.197320
-100.000000,198.166870
-100.000000,198.347018
-100.000000,198.412327
-100.000000,198.411791
-100.000000,198.223037
-100.000000,197.909407
-100.000000,197.777749
-100.000000,196.567144
-100.000000,196.980452
-100.000000,197.569591
-100.000000,197.810511
-100.000000,197.545492
-100.000000,197.764992
-100.000000,197.176729
-100.000000,197.255387
-100.000000,196.973375
-100.000000,196.928670
-100.000000,197.293754
-100.000000,197.487589
-100.000000,197.469045
-100.000000,197.750059
-100.000000,197.921949
-100.000000,197.946207
-100.000000,198.081799
-100.000000,198.223346
-100.000000,198.159436
-100.000000,197.992240
67.500000,47.327106
67.500000,47.285258
67.500000,47.291862
67.500000,47.225861
67.500000,47.218147
67.500000,47.204173
67.500000,47.282970
67.500000,47.244378
67.500000,47.252083
67.500000,47.303825
67.000000,47.782919
67.000000,47.760183
67.500000,47.291270
67.500000,47.328825
67.500000,47.321436
67.500000,47.329007
67.500000,47.358621
67.500000,47.370736
67.500000,47.404836
67.000000,47.839323
67.500000,44.818932
67.500000,44.824316
67.500000,44.819211
67.500000,44.825324
67.500000,44.818130
67.500000,44.801739
67.500000,44.780109
67.500000,44.749687
67.500000,44.746311
67.500000,44.747379
67.500000,44.751655
67.500000,44.753074
67.500000,44.731053
67.500000,44.734247
67.500000,44.735951
67.500000,44.716965
67.500000,44.708021
67.500000,44.734338
67.500000,44.723045
67.500000,44.720535
56.000000,51.578130
56.000000,51.502053
56.000000,51.512778
56.000000,51.535057
56.000000,51.519460
56.000000,51.471977
56.000000,51.557965
56.000000,51.528513
56.000000,51.467548
56.000000,51.418988
56.000000,51.373684
56.000000,51.386384
56.000000,51.390994
56.000000,51.351628
56.000000,51.431113
56.000000,51.436907
56.000000,51.369140
56.000000,51.341655
56.000000,51.329392
56.000000,51.317610
