-100.000000,195.451941
-100.000000,195.227482
-100.000000,195.492325
-100.000000,195.714191
-100.000000,195.955383
-100.000000,195.758870
-100.000000,195.598145
-100.000000,195.769028
-100.000000,195.683277
-100.000000,195.877029
-100.000000,196.131697
-100.000000,196.226986
-100.000000,196.292112
-100.000000,196.260809
-100.000000,196.363481
-100.000000,196.334572
-100.000000,196.111115
-100.000000,195.996581
-100.000000,195.812241
-100.000000,195.773953
-100.000000,197.315167
-100.000000,197.203799
-100.000000,197.347995
-100.000000,197.295223
-100.000000,197.258817
-100.000000,197.132374
-100.000000,197.059020
-100.000000,197.099300
-100.000000,197.062808
-100.000000,197.156164
-100.000000,197.311809
-100.000000,197.315021
-100.000000,197.429483
-100.000000,197.372080
-100.000000,197.520683
-100.000000,197.594872
-100.000000,197.620725
-100.000000,197.645254
-100.000000,197.637900
-100.000000,197.681318
-100.000000,197.345501
-100.000000,197.178287
-100.000000,197.439552
-100.000000,197.428916
-100.000000,197.589630
-100.000000,197.397421
-100.000000,197.223737
-100.000000,197.304489
-100.000000,197.286179
-100.000000,197.345869
-100.000000,197.560115
-100.000000,197.596271
-100.000000,197.649267
-100.000000,197.556172
-100.000000,197.794922
-100.000000,197.827710
-100.000000,197.840291
-100.000000,197.841983
-100.000000,197.577131
-100.000000,197.655849
67.000000,47.752064
67.000000,47.744373
67.000000,47.737429
67.000000,47.738968
67.000000,47.741705
67.000000,47.755011
67.000000,47.749382
67.000000,47.746801
67.000000,47.739689
67.000000,47.733185
67.000000,47.749915
67.000000,47.744891
67.000000,47.748924
67.000000,47.750489
67.000000,47.756473
67.000000,47.769293
67.000000,47.760933
67.000000,47.760569
67.000000,47.760265
67.000000,47.758316
67.500000,44.855048
67.500000,44.858633
67.500000,44.857186
67.500000,44.859075
67.500000,44.856625
67.500000,44.849440
67.500000,44.847326
67.500000,44.850739
67.500000,44.849005
67.500000,44.845622
67.500000,44.845473
67.500000,44.845311
67.500000,44.845973
67.500000,44.847761
67.500000,44.849265
67.500000,44.849199
67.500000,44.851231
67.500000,44.851362
67.500000,44.850408
67.500000,44.846220
66.500000,46.605012
66.500000,46.606411
66.500000,46.591552
66.500000,46.607199
66.500000,46.591758
66.500000,46.598102
66.500000,46.593278
66.500000,46.592028
66.500000,46.605921
66.500000,46.612375
66.500000,46.621155
66.500000,46.616892
66.500000,46.620379
66.500000,46.624680
66.500000,46.624419
66.500000,46.623420
66.500000,46.627068
66.500000,46.627312
66.500000,46.619883
66.500000,46.604051
