48
0.000000,1.000000;-100.000000,193.000806;-1
0.242536,0.970143;-100.000000,195.545048;-1
0.554700,0.832050;-100.000000,198.537985;-1
0.832050,0.554700;-100.000000,198.419399;-1
0.970143,0.242536;-100.000000,199.833015;-1
1.000000,0.000000;-100.000000,197.357311;-1
0.000000,1.000000;-100.000000,179.077429;0
0.000000,1.000000;-100.000000,180.552383;6
0.000000,1.000000;-100.000000,197.333774;7
0.000000,1.000000;-100.000000,197.599860;8
0.242536,0.970143;-100.000000,134.424295;1
0.242536,0.970143;-100.000000,155.242561;10
0.242536,0.970143;-100.000000,179.876727;11
0.242536,0.970143;-100.000000,185.038473;12
0.554700,0.832050;-100.000000,180.743307;2
0.554700,0.832050;-100.000000,183.869955;14
0.554700,0.832050;-100.000000,188.899223;15
0.554700,0.832050;-100.000000,197.361951;16
0.832050,0.554700;62.000000,50.683536;3
0.832050,0.554700;66.000000,47.104732;18
0.832050,0.554700;67.500000,45.829495;19
0.832050,0.554700;67.500000,46.727431;20
0.970143,0.242536;62.500000,56.362083;4
0.970143,0.242536;63.500000,49.216013;22
0.970143,0.242536;65.000000,47.605075;23
0.970143,0.242536;66.500000,45.866685;24
1.000000,0.000000;34.000000,68.029211;5
1.000000,0.000000;43.000000,61.601167;26
1.000000,0.000000;50.000000,54.154658;27
1.000000,0.000000;54.000000,52.794712;28
0.000000,1.000000;-100.000000,197.757934;9
0.242536,0.970143;-100.000000,197.727593;9
0.554700,0.832050;-100.000000,197.723866;9
0.832050,0.554700;62.500000,51.621015;22
0.970143,0.242536;67.500000,45.303753;21
1.000000,0.000000;67.500000,45.054366;21
0.000000,1.000000;-100.000000,198.504660;30
0.242536,0.970143;-100.000000,198.498374;30
0.554700,0.832050;-100.000000,198.532034;30
0.832050,0.554700;63.000000,50.137829;22
0.970143,0.242536;67.500000,45.401951;21
1.000000,0.000000;67.500000,45.046598;21
0.000000,1.000000;-100.000000,197.092913;38
0.242536,0.970143;-100.000000,197.269246;38
0.554700,0.832050;-100.000000,197.234445;38
0.832050,0.554700;63.500000,49.786833;22
0.970143,0.242536;67.500000,45.406671;21
1.000000,0.000000;67.500000,45.027952;21
24
38
36
16
13
15
14
7
11
27
10
28
29
22
33
18
45
39
23
24
19
21
25
20
46
