36
0.000000,1.000000;-77.278415,-118.488518;-1
0.242536,0.970143;-139.226951,-124.747713;-1
0.554700,0.832050;-18.423844,-75.181667;-1
0.832050,0.554700;-222.840601,-164.128234;-1
0.970143,0.242536;-62.599332,-40.463001;-1
1.000000,0.000000;-13.908988,-70.094527;-1
0.000000,1.000000;114.284556,202.787343;0
0.000000,1.000000;380.405736,398.663716;6
0.000000,1.000000;227.039490,879.953926;7
0.000000,1.000000;245.944840,1089.260983;8
0.000000,1.000000;287.361752,908.065475;9
0.242536,0.970143;219.054945,252.116359;1
0.242536,0.970143;396.362460,725.454325;11
0.242536,0.970143;492.082220,651.591551;12
0.242536,0.970143;607.422970,1520.964190;13
0.242536,0.970143;752.715316,1883.450877;14
0.554700,0.832050;376.743795,373.146508;2
0.554700,0.832050;604.367411,698.071069;16
0.554700,0.832050;789.488153,1049.301230;17
0.554700,0.832050;1282.781326,1584.936516;18
0.554700,0.832050;1698.699118,1856.317523;19
0.832050,0.554700;376.687990,276.414350;3
0.832050,0.554700;721.238658,504.928306;21
0.832050,0.554700;853.627964,948.878727;22
0.832050,0.554700;1162.487216,1018.944845;23
0.832050,0.554700;1412.783871,1360.133320;24
0.970143,0.242536;270.521786,259.949204;4
0.970143,0.242536;515.920954,424.327765;26
0.970143,0.242536;902.112708,394.751561;27
0.970143,0.242536;1215.497453,365.445600;28
0.970143,0.242536;1722.594145,362.530344;29
1.000000,0.000000;341.275751,341.537739;5
1.000000,0.000000;444.633287,331.421452;31
1.000000,0.000000;915.555865,276.980514;32
1.000000,0.000000;1160.701185,195.190127;33
1.000000,0.000000;1428.748585,262.243462;34
30
9
8
10
15
14
12
6
18
13
19
17
11
23
20
7
31
16
25
26
24
27
32
21
22
28
29
33
30
35
34
