36
0.000000,1.000000;-100.000000,192.920132;-1
0.242536,0.970143;-100.000000,195.489522;-1
0.554700,0.832050;-100.000000,198.523023;-1
0.832050,0.554700;-100.000000,198.407472;-1
0.970143,0.242536;-100.000000,199.832117;-1
1.000000,0.000000;-100.000000,197.327119;-1
0.000000,1.000000;-100.000000,192.762444;0
0.000000,1.000000;-100.000000,199.252173;6
0.000000,1.000000;-100.000000,198.833180;7
0.000000,1.000000;-100.000000,198.974963;8
0.242536,0.970143;-100.000000,191.366377;1
0.242536,0.970143;-100.000000,199.286535;10
0.242536,0.970143;-100.000000,199.198717;11
0.242536,0.970143;-100.000000,199.220760;12
0.554700,0.832050;-100.000000,199.801921;2
0.554700,0.832050;-100.000000,199.726195;14
0.554700,0.832050;-100.000000,199.684512;15
0.554700,0.832050;-100.000000,199.700657;16
0.832050,0.554700;63.000000,138.702195;3
0.832050,0.554700;66.000000,145.312534;18
0.832050,0.554700;65.500000,151.558235;19
0.832050,0.554700;65.500000,152.824189;20
0.970143,0.242536;21.000000,130.127890;4
0.970143,0.242536;64.000000,140.774816;22
0.970143,0.242536;66.000000,142.990971;23
0.970143,0.242536;67.000000,144.622351;24
1.000000,0.000000;30.500000,129.580175;5
1.000000,0.000000;42.500000,110.462207;26
1.000000,0.000000;50.000000,106.129345;27
1.000000,0.000000;54.000000,112.386164;28
0.007604,0.999971;-100.000000,198.658354;9
0.253359,0.967372;-100.000000,199.211657;13
0.566752,0.823889;-100.000000,199.669603;17
0.839990,0.542602;65.500000,153.765674;21
0.972757,0.231825;67.000000,144.350134;25
1.000000,0.000000;55.000000,114.241035;29
13
22
26
27
33
21
19
25
35
29
14
15
6
10
