24.000000,136.144007
20.500000,144.627350
-100.000000,171.386342
-100.000000,176.538407
-100.000000,189.995263
-100.000000,194.908808
-100.000000,195.627915
-100.000000,195.656810
-100.000000,194.854575
-100.000000,194.057256
-100.000000,193.451317
-100.000000,193.864245
-100.000000,192.107809
-100.000000,193.981763
-100.000000,193.959560
-100.000000,194.543807
-100.000000,193.074612
-100.000000,194.179264
-100.000000,193.572949
-100.000000,194.112748
65.500000,47.693428
65.500000,47.721218
65.500000,47.838471
65.500000,47.935539
65.500000,48.034866
65.500000,48.134732
66.000000,47.843154
66.000000,47.826499
66.000000,47.823349
66.000000,47.829921
66.000000,47.897725
66.500000,47.549663
66.500000,47.646936
66.500000,47.613507
66.500000,47.641184
66.500000,47.803504
66.500000,47.838981
66.500000,47.862528
66.500000,47.967357
66.500000,47.999449
50.500000,68.581816
50.000000,66.639855
50.000000,64.858219
50.000000,63.274643
51.000000,62.102327
52.000000,60.665812
52.000000,59.585639
52.500000,58.892166
52.500000,58.698843
52.500000,58.338533
52.500000,58.157136
53.000000,57.699607
53.000000,57.780815
53.000000,57.968942
53.000000,57.781309
53.000000,57.755971
53.000000,57.490721
53.500000,56.823996
53.500000,56.665165
53.500000,56.759427
67.000000,48.336437
67.000000,48.495059
67.000000,48.622183
67.000000,48.793370
67.000000,48.948796
67.000000,49.073515
67.000000,49.203858
66.500000,49.821572
66.500000,49.922246
66.500000,50.018261
66.500000,50.142152
66.500000,50.249486
66.500000,50.291218
66.500000,50.366452
66.500000,50.417663
66.500000,50.493917
66.500000,50.502636
66.500000,50.621531
66.000000,51.146992
66.500000,50.704943
-100.000000,192.003097
-100.000000,187.262632
-100.000000,181.738554
-100.000000,173.436711
-100.000000,179.035037
-100.000000,173.781696
-100.000000,181.352506
-100.000000,185.964421
-100.000000,188.588210
-100.000000,193.811269
-100.000000,195.023534
-100.000000,192.243458
-100.000000,188.380515
-100.000000,182.118149
-100.000000,172.967607
-100.000000,167.141056
-100.000000,155.494456
-100.000000,140.915116
-100.000000,134.282048
-100.000000,124.115807
43.500000,61.131543
43.000000,61.752004
43.000000,62.284038
43.500000,62.172416
43.500000,62.267348
44.000000,61.926639
44.500000,61.778946
44.500000,62.197408
44.500000,63.464355
45.500000,62.406155
46.000000,61.410893
46.500000,60.566518
46.500000,60.899491
47.000000,60.288229
47.500000,60.273700
47.500000,60.618731
48.000000,59.945732
48.000000,60.698983
48.500000,60.752692
48.000000,61.761216
