3894.535254,3953.176694
3841.747442,3792.031202
3906.543133,3916.458364
3861.964611,3843.140669
3898.952277,3921.499287
3894.230321,3985.418079
3905.829666,3838.878862
3888.451920,4012.017046
3878.427373,4017.772159
3896.414961,4006.011778
3904.867564,4078.610630
3919.892246,4029.143974
3930.999666,4055.829052
3922.245038,3968.105243
3913.000552,4019.231938
3919.784133,3974.430227
3898.503288,4053.534806
3923.177843,3943.973510
3924.613654,4014.855310
3950.329740,3948.085334
3930.487046,3976.776084
3938.515602,4021.381573
3926.150907,4010.750859
3955.256769,3966.098266
3950.717814,3992.086287
3965.253355,3985.029260
3948.308418,3943.659792
3965.567800,3911.172245
3957.731482,3963.996049
3979.153369,4017.691651
3964.935390,3920.340995
3933.957126,3817.021424
3938.373101,3820.072735
3968.914101,4007.859035
3962.166155,3936.541802
3971.233589,3951.193973
3943.797103,3938.255971
3951.016613,3966.201114
3934.098356,3866.192413
3925.156653,3786.466369
3569.489060,4219.436617
3567.008350,4236.102883
3593.231493,4251.491087
3557.901944,4231.449842
3581.822981,4267.608223
3569.158274,4274.856725
3574.459338,4230.627081
3533.508204,4237.183185
3573.255208,4281.421968
3558.738225,4281.340926
3571.499107,4266.314533
3516.670448,4257.482856
3463.038087,4182.041398
3531.041290,4198.191878
3499.947835,4215.872463
3460.297643,4234.422025
3469.154704,4214.844157
3446.775001,4201.563572
3439.798130,4206.620452
3477.014351,4220.502084
3432.243907,4192.401828
3453.629193,4175.996365
3461.958015,4240.262506
3415.698051,4221.130842
3427.706412,4216.303989
3409.825915,4163.569788
3473.744339,4085.156193
3414.634008,4234.252635
3461.243751,4237.873951
3423.303538,4240.663071
3455.095812,4249.033923
3427.811715,4232.313350
3420.742440,4260.224970
3434.233479,4252.122703
3426.774218,4271.542877
3459.417597,4286.812849
3417.098196,4264.700395
3358.207507,4215.999417
3381.954466,4285.703150
3389.403931,4267.055110
3568.563884,4220.784614
3640.672376,4230.930914
3675.922330,4263.284191
3749.557962,4214.493010
3754.427277,4201.914454
3740.218965,4185.224237
3744.624993,4108.450152
3721.254756,4139.254666
3693.309651,4265.316894
3784.415506,4165.651544
3776.830829,4228.477887
3763.555112,4229.334194
3659.083654,4222.523192
3655.460677,4231.163347
3692.605711,4222.879348
3657.234054,4202.085826
3693.719642,4204.937008
3704.858476,4236.536489
3777.998717,4221.291827
3804.694467,4200.257282
3808.639039,4231.523326
3773.636808,4174.716021
3816.747463,4163.978764
3825.546343,4216.752223
3802.720008,4254.763200
3722.648879,4209.615697
3739.596483,4187.631244
3729.486592,4213.550704
3751.214650,4203.273967
3722.604342,4217.010721
3751.193544,4216.566711
3714.608814,4186.406397
3732.916538,4207.407076
3745.087187,4223.922606
3720.627829,4177.025582
3762.453027,4207.839284
3750.113597,4145.692245
3649.065363,4091.816874
3763.633731,4219.951502
3718.456061,4198.650673
3586.300754,4264.369746
3649.050924,4231.698117
3680.140722,4227.105534
3691.703279,4235.721030
3675.336517,4263.751514
3632.225886,4272.607588
3727.275774,4271.059515
3744.571655,4251.276686
3647.698332,4271.769031
3722.832226,4263.606929
3711.535209,4255.049528
3686.259295,4241.821690
3685.432713,4232.990868
3655.206834,4210.475536
3638.625708,4236.981921
3653.015181,4248.146555
3617.696291,4200.364879
3697.237978,4251.794180
3590.666876,4218.486522
3692.648190,4248.017075
3672.147031,4189.114211
3726.437522,4142.651655
3630.123487,4240.724536
3721.058612,4222.706640
3707.816184,4275.260575
3630.799132,4269.251068
3648.543261,4254.028085
3676.292266,4271.846245
3668.585126,4232.675777
3680.588546,4288.301972
3661.165265,4250.228328
3703.762019,4264.036231
3645.107958,4262.465718
3655.922538,4272.623084
3694.604571,4265.839316
3732.220692,4200.027352
3723.585091,4259.979678
3661.811939,4263.713537
3673.971326,4245.237065
3727.297273,4203.099278
3859.316799,4147.257115
3880.540606,4111.237591
3861.400782,4143.200619
3871.267216,4141.306650
3871.460820,4091.239940
3845.359492,4118.267543
3856.613617,4088.133807
3870.479619,4073.370370
3842.817059,4121.083851
3865.800653,4084.046161
3843.712057,4055.834923
3906.072570,4127.220096
3887.966600,4085.966319
3881.870574,4085.239760
3867.696167,3974.153626
3868.997663,3959.800118
3911.081627,4021.049363
3912.891454,4037.920874
3926.669383,4101.952641
3911.290345,4086.990581
3887.708182,4037.714900
3895.189463,4095.228825
3893.990046,4008.196006
3883.195187,3950.170285
3936.290866,4070.920842
3917.713461,4130.886818
3863.590698,3855.471608
3880.260965,3896.468711
3874.473441,3859.430312
3895.961439,3918.932681
3915.029080,4047.658457
3896.635970,4025.601259
3860.206322,3819.632159
3911.240563,3954.997269
3905.973397,3991.661527
3906.683703,4101.038743
3879.774996,3887.246950
3901.909207,4020.255921
3909.844880,4108.611640
3888.009032,3985.516434
3883.701891,4022.824427
3859.999370,3878.738860
3865.854060,4021.287260
3858.122916,3957.401993
3826.236278,3995.149643
3819.107598,3985.161115
3830.322606,3747.068036
3813.277359,3947.855097
3800.725595,3861.346902
3771.935719,3684.380137
3769.446766,3758.237294
3754.968251,3892.890843
3736.564509,3934.346865
3772.010828,4000.842769
3745.003885,3925.112961
3811.764626,4080.081545
3817.655876,4092.416096
3812.915156,4066.415961
3787.580076,4086.628330
3792.469971,4100.093437
3779.976122,4073.105659
3796.887351,4038.910972
3797.467159,4049.524431
3840.703324,4044.201747
3779.132225,4039.229699
3802.583126,4055.209961
3803.166616,4076.429737
3813.730202,4097.419898
3843.624973,4103.780268
3818.873263,4080.001874
3789.845977,4087.342346
3763.994368,4051.178859
3770.158678,4053.665160
3836.116714,4091.886648
3804.934825,4119.102500
3764.794752,4038.609609
3752.046786,4042.293976
3738.803291,4038.616051
3765.017154,4013.616233
3795.457541,4076.277289
