-100.000000,194.186749
-100.000000,194.358242
-100.000000,194.260896
-100.000000,194.115014
-100.000000,194.365732
-100.000000,194.091595
-100.000000,194.302173
-100.000000,194.105184
-100.000000,193.872748
-100.000000,193.658062
-100.000000,193.284463
-100.000000,192.902038
-100.000000,192.499872
-100.000000,192.395006
-100.000000,192.214868
-100.000000,192.050337
-100.000000,192.303044
-100.000000,192.236252
-100.000000,192.437145
-100.000000,192.758729
-100.000000,196.882691
-100.000000,196.967112
-100.000000,196.786577
-100.000000,196.633959
-100.000000,196.758624
-100.000000,196.620276
-100.000000,196.580570
-100.000000,196.386349
-100.000000,196.289747
-100.000000,196.426602
-100.000000,196.255187
-100.000000,196.173873
-100.000000,196.157827
-100.000000,196.182462
-100.000000,196.079245
-100.000000,195.960207
-100.000000,196.000570
-100.000000,195.988993
-100.000000,196.129611
-100.000000,196.149925
-100.000000,195.772174
-100.000000,195.917265
-100.000000,195.930929
-100.000000,195.870011
-100.000000,196.065121
-100.000000,195.864255
-100.000000,196.098255
-100.000000,196.133625
-100.000000,195.964646
-100.000000,196.093579
-100.000000,196.145616
-100.000000,196.027492
-100.000000,195.998237
-100.000000,195.932531
-100.000000,195.782692
-100.000000,195.610445
-100.000000,195.846406
-100.000000,195.871482
-100.000000,196.016325
-100.000000,196.319374
67.000000,47.748331
67.000000,47.741124
67.000000,47.734341
67.000000,47.732469
67.000000,47.729260
67.000000,47.723541
67.000000,47.724535
67.000000,47.719175
67.000000,47.714913
67.000000,47.716630
67.000000,47.713952
67.000000,47.709595
67.000000,47.714719
67.000000,47.714425
67.000000,47.729490
67.000000,47.720084
67.000000,47.726901
67.000000,47.710205
67.000000,47.706349
67.000000,47.717592
67.500000,44.830184
67.500000,44.823506
67.500000,44.817682
67.500000,44.821183
67.500000,44.821457
67.500000,44.822548
67.500000,44.822183
67.500000,44.818996
67.500000,44.817974
67.500000,44.823338
67.500000,44.823787
67.500000,44.823827
67.500000,44.826054
67.500000,44.824521
67.500000,44.826643
67.500000,44.833912
67.500000,44.832247
67.500000,44.827256
67.500000,44.832526
67.500000,44.828415
66.500000,46.708826
66.500000,46.678029
66.500000,46.680965
66.500000,46.663087
66.500000,46.644239
66.500000,46.661229
66.500000,46.687027
66.500000,46.696077
66.500000,46.691596
66.500000,46.717833
66.500000,46.735046
66.500000,46.730952
66.500000,46.722748
66.500000,46.728217
66.500000,46.729284
66.500000,46.742301
66.500000,46.723972
66.500000,46.736131
66.500000,46.735418
66.500000,46.728254
