108
0.000000,1.000000;332.146237,1296.270389;-1
0.242536,0.970143;114.393578,526.410608;-1
0.554700,0.832050;142.845067,1217.653120;-1
0.832050,0.554700;344.313547,1495.486322;-1
0.970143,0.242536;186.030347,644.719636;-1
1.000000,0.000000;280.431769,1478.031679;-1
0.000000,1.000000;500.273686,2265.874120;0
0.000000,1.000000;499.711831,2488.816096;6
0.000000,1.000000;500.009453,2499.552033;7
0.000000,1.000000;499.837726,2498.859864;8
0.242536,0.970143;502.142263,1914.233889;1
0.242536,0.970143;505.071422,2487.744104;10
0.242536,0.970143;505.115290,2496.234269;11
0.242536,0.970143;774.875268,2445.466044;12
0.554700,0.832050;504.580738,2262.624103;2
0.554700,0.832050;643.380329,2352.329392;14
0.554700,0.832050;2163.424833,1978.543999;15
0.554700,0.832050;2357.120796,1959.954679;16
0.832050,0.554700;871.607568,2235.621961;3
0.832050,0.554700;2198.052073,1130.376461;18
0.832050,0.554700;2429.441649,1085.973934;19
0.832050,0.554700;2445.690366,1239.151808;20
0.970143,0.242536;989.348642,1850.448533;4
0.970143,0.242536;1881.671573,1489.948686;22
0.970143,0.242536;2357.345756,1339.180517;23
0.970143,0.242536;2385.137432,1230.260124;24
1.000000,0.000000;965.951283,1844.511187;5
1.000000,0.000000;2001.261273,1170.706656;26
1.000000,0.000000;2394.775961,824.163210;27
1.000000,0.000000;2404.727644,687.787780;28
0.980581,0.196116;2419.912857,1793.749018;17
0.242536,0.970143;921.910773,2423.634807;13
0.896410,0.443227;2408.801601,1869.599680;17
0.485363,0.874313;1202.800211,2350.570118;13
0.000000,1.000000;499.961401,2499.106599;9
0.064359,0.997927;501.906516,2487.620981;17
0.242536,0.970143;1151.724996,2378.949734;33
0.997927,0.064359;879.815255,2401.468435;34
0.064359,0.997927;502.021258,2474.132109;16
0.196116,0.980581;1705.983783,2020.301269;21
0.947266,0.320449;2437.197377,1288.696025;21
0.896410,0.443227;2409.148122,1896.351350;32
0.320449,0.947266;2354.082582,2060.895516;41
0.997927,0.064359;1377.460881,2263.184101;37
0.196116,0.980581;2235.077338,1768.769244;40
0.554700,0.832050;2377.005013,2005.078204;32
0.896410,0.443227;2427.771013,1924.509556;41
0.751150,0.660132;2402.490964,1957.287460;32
0.064359,0.997927;508.478438,2482.361825;42
0.320449,0.947266;1320.226587,2320.808515;43
0.997927,0.064359;2448.322989,1519.221489;44
0.064359,0.997927;532.140011,2434.709306;47
0.320449,0.947266;2368.352782,2080.542496;47
0.980581,0.196116;2442.802229,1902.729402;46
0.997927,0.064359;2451.665429,1500.640248;50
0.320449,0.947266;1395.024817,2323.833967;49
0.064359,0.997927;2199.086144,1851.393296;50
0.064359,0.997927;873.262867,2379.879031;45
0.320449,0.947266;2379.035274,2048.407225;46
0.896410,0.443227;2428.964439,1990.691498;42
0.064359,0.997927;508.530598,2471.620907;52
0.997927,0.064359;1662.018226,2238.755104;55
0.997927,0.064359;2443.161194,1689.360366;56
0.000000,1.000000;508.318081,2474.111556;58
0.320449,0.947266;2328.362508,2101.179171;52
0.832050,0.554700;2444.837906,1673.533464;54
0.064359,0.997927;516.834206,2470.995109;58
0.997927,0.064359;1884.962388,2161.289404;61
0.997927,0.064359;2449.214582,1642.846254;62
0.320449,0.947266;2079.901226,2128.583301;63
0.947266,0.320449;2446.435758,1698.902102;62
0.832050,0.554700;2433.813819,1745.854437;62
0.064359,0.997927;502.849879,2492.852980;69
0.997927,0.064359;2449.659085,1189.109382;40
0.064359,0.997927;502.319084,2490.285035;64
0.320449,0.947266;2365.845508,2119.107682;64
0.997927,0.064359;2448.173493,1507.943633;54
0.554700,0.832050;2395.502923,2084.137554;64
0.064359,0.997927;507.534689,2480.080101;75
0.980581,0.196116;2447.459469,1566.160248;76
0.751150,0.660132;2418.226928,2049.710724;77
0.554700,0.832050;1601.502291,2283.852865;55
0.320449,0.947266;2349.242520,2116.927744;77
0.751150,0.660132;1622.282438,2267.232954;55
0.064359,0.997927;702.998107,2438.439872;77
0.064359,0.997927;2411.119946,1711.786658;79
0.980581,0.196116;2427.502670,1870.268351;47
0.554700,0.832050;2385.157847,2101.223436;82
0.980581,0.196116;2419.773387,2039.104649;80
0.980581,0.196116;2416.771116,2018.911227;77
0.064359,0.997927;725.382729,2416.378121;82
0.064359,0.997927;2258.191322,1834.422973;85
0.896410,0.443227;2429.307895,2044.560817;88
0.896410,0.443227;2421.101568,2048.412767;77
0.064359,0.997927;822.134867,2397.675546;87
0.751150,0.660132;1798.449724,2228.032475;83
0.064359,0.997927;1515.287589,2313.337219;95
0.980581,0.196116;2440.744504,1739.002225;91
0.064359,0.997927;538.863173,2439.989339;92
0.320449,0.947266;2269.019315,2150.669587;94
0.554700,0.832050;1894.601165,2208.669705;95
0.242536,0.970143;1108.620829,2396.647295;36
0.064359,0.997927;719.794408,2415.751263;99
0.980581,0.196116;2447.530990,1740.637007;97
0.980581,0.196116;2436.967311,2019.814602;92
0.554700,0.832050;2417.407767,2047.330185;59
0.980581,0.196116;2426.356542,2015.610066;93
0.751150,0.660132;2425.967632,2011.474542;59
64
8
34
66
98
15
10
84
90
102
13
94
37
57
31
18
101
36
33
26
22
49
55
43
96
81
83
61
95
39
100
67
69
99
16
75
82
87
77
92
93
59
47
46
53
86
30
103
97
70
62
68
79
50
76
54
27
24
40
25
21
73
20
28
29
