162
0.000000,1.000000;-100.000000,192.920132;-1
0.242536,0.970143;-100.000000,195.489522;-1
0.554700,0.832050;-100.000000,198.523023;-1
0.832050,0.554700;-100.000000,198.407472;-1
0.970143,0.242536;-100.000000,199.832117;-1
1.000000,0.000000;-100.000000,197.327119;-1
0.000000,1.000000;-100.000000,192.762444;0
0.000000,1.000000;-100.000000,199.252173;6
0.000000,1.000000;-100.000000,198.833180;7
0.000000,1.000000;-100.000000,198.974963;8
0.242536,0.970143;-100.000000,191.366377;1
0.242536,0.970143;-100.000000,199.286535;10
0.242536,0.970143;-100.000000,199.198717;11
0.242536,0.970143;-100.000000,199.220760;12
0.554700,0.832050;-100.000000,199.801921;2
0.554700,0.832050;-100.000000,199.726195;14
0.554700,0.832050;-100.000000,199.684512;15
0.554700,0.832050;-100.000000,199.700657;16
0.832050,0.554700;63.000000,138.702195;3
0.832050,0.554700;66.000000,145.312534;18
0.832050,0.554700;65.500000,151.558235;19
0.832050,0.554700;65.500000,152.824189;20
0.970143,0.242536;21.000000,130.127890;4
0.970143,0.242536;64.000000,140.774816;22
0.970143,0.242536;66.000000,142.990971;23
0.970143,0.242536;67.000000,144.622351;24
1.000000,0.000000;30.500000,129.580175;5
1.000000,0.000000;42.500000,110.462207;26
1.000000,0.000000;50.000000,106.129345;27
1.000000,0.000000;54.000000,112.386164;28
0.885951,0.463778;66.000000,149.058452;19
0.307432,0.951570;64.000000,154.762877;19
0.909760,0.415135;51.500000,123.745626;28
0.550555,0.834799;23.500000,136.689528;27
0.978564,0.205945;67.000000,146.433075;20
0.950244,0.311507;55.000000,121.055202;29
0.996018,0.089148;66.000000,139.787273;33
0.541011,0.841015;64.000000,156.543082;31
0.960610,0.277901;-100.000000,199.757049;15
0.622128,0.782916;64.500000,153.060838;30
0.775219,0.631692;-100.000000,199.427747;10
0.727157,0.686471;65.000000,154.008853;20
0.992221,0.124489;-100.000000,189.698247;6
0.941939,0.335784;67.000000,145.729328;19
0.813920,0.580977;43.000000,119.566547;26
0.244254,0.969711;-100.000000,199.784077;22
0.297896,0.954598;63.500000,156.570505;21
0.946348,0.323148;66.500000,144.711280;36
0.556708,0.830708;65.000000,153.979811;34
0.629457,0.777035;-100.000000,199.937638;45
0.837571,0.546329;66.000000,150.131742;43
0.089121,0.996021;63.500000,155.017818;30
0.703933,0.710266;41.000000,139.705735;26
0.120106,0.992761;62.500000,157.719204;37
0.931122,0.364708;66.500000,148.975144;50
0.419506,0.907753;65.000000,154.069818;34
0.759919,0.650018;62.000000,151.286334;22
0.485918,0.874004;64.000000,155.965487;48
0.668593,0.743628;52.500000,125.248434;29
0.951043,0.309059;66.500000,147.712059;30
0.162565,0.986698;50.500000,132.838396;29
0.705985,0.708227;52.500000,126.315519;29
0.886791,0.462171;65.500000,153.499381;41
0.848739,0.528812;66.000000,151.632779;34
0.270054,0.962845;64.500000,153.816929;50
0.752311,0.658808;65.500000,151.782768;50
0.683205,0.730227;65.000000,154.397711;63
0.502692,0.864466;49.500000,131.509866;29
0.678158,0.734916;64.000000,156.153208;37
0.859924,0.510423;66.000000,150.573213;43
0.886049,0.463592;40.500000,117.513327;26
0.422150,0.906526;-100.000000,199.590028;33
0.629378,0.777099;62.000000,152.262529;52
0.570997,0.820952;64.000000,156.293685;55
0.479557,0.877511;65.000000,154.360379;34
0.954574,0.297974;54.500000,121.387557;29
0.209723,0.977761;-100.000000,199.727972;70
0.543221,0.839590;63.500000,157.068453;37
0.904624,0.426211;66.000000,150.258778;69
0.945395,0.325928;64.500000,142.202638;52
0.049120,0.998793;-100.000000,199.220336;10
0.704532,0.709672;52.500000,125.773539;29
0.324452,0.945902;-100.000000,199.429429;6
0.466030,0.884769;16.500000,142.428636;60
0.076034,0.997105;-100.000000,193.138547;27
0.907081,0.420955;-100.000000,199.456265;10
0.985365,0.170457;43.000000,118.254048;26
0.571215,0.820800;-100.000000,199.507961;6
0.935766,0.352622;66.000000,152.304194;66
0.509686,0.860360;64.500000,154.998584;63
0.931110,0.364740;65.500000,143.701147;67
0.574827,0.818275;65.000000,152.990476;43
0.962983,0.269564;65.500000,141.052832;33
0.856992,0.515330;65.500000,143.829737;60
0.005115,0.999987;-100.000000,160.093400;60
0.833836,0.552013;64.500000,155.787596;77
0.896026,0.444002;66.000000,146.902715;36
0.751027,0.660271;-100.000000,199.705614;14
0.971819,0.235729;65.500000,153.279619;77
0.389770,0.920912;-100.000000,199.668712;22
0.110049,0.993926;62.000000,158.418258;53
0.978063,0.208311;65.000000,137.912632;70
0.510931,0.859622;64.000000,155.994166;89
0.473674,0.880701;63.000000,157.949617;53
0.508260,0.861204;-100.000000,199.729192;14
0.688263,0.725461;64.000000,156.966405;77
0.998013,0.063016;66.000000,139.706685;67
0.852364,0.522949;66.000000,149.009888;36
0.758803,0.651321;65.500000,151.229563;43
0.086406,0.996260;64.000000,154.020218;43
0.526159,0.850386;-100.000000,199.740672;52
0.999789,0.020534;67.000000,146.409116;63
0.872384,0.488821;66.000000,150.019705;43
0.802038,0.597273;65.000000,154.869781;66
0.933106,0.359601;64.000000,156.161553;100
0.774722,0.632302;63.000000,149.299392;52
0.692743,0.721185;66.000000,139.975525;106
0.655630,0.755082;65.000000,153.866663;34
0.993577,0.113161;65.500000,139.053877;33
0.433319,0.901240;42.500000,146.212092;60
0.587379,0.809312;56.000000,149.553455;83
0.911026,0.412348;65.000000,143.973498;33
0.054613,0.998508;-100.000000,185.556642;119
0.416687,0.909050;62.500000,158.423974;103
0.623111,0.782134;63.500000,146.656059;67
0.799046,0.601270;-100.000000,199.991964;49
0.135012,0.990844;65.500000,153.394074;111
0.987711,0.156290;66.000000,141.231108;119
0.177520,0.984117;-100.000000,199.475536;6
0.939582,0.342324;66.500000,143.678782;83
0.318021,0.948084;63.500000,156.902498;89
0.889272,0.457379;66.500000,150.080613;111
0.446060,0.895003;-100.000000,199.936765;125
0.720719,0.693227;-100.000000,199.963665;125
0.751533,0.659696;64.000000,148.915545;33
0.374364,0.927282;64.500000,155.139667;63
0.710330,0.703869;60.500000,152.971324;52
0.961831,0.273646;42.000000,118.491882;26
0.521933,0.852987;63.000000,157.936527;103
0.589169,0.808010;-100.000000,199.824082;84
0.503693,0.863883;63.000000,158.208537;103
0.195025,0.980798;-100.000000,199.858090;26
0.313063,0.949732;62.500000,158.469845;123
0.664111,0.747634;62.000000,145.206061;119
0.869950,0.493141;64.000000,156.543048;103
0.549173,0.835709;18.500000,170.936279;137
0.482471,0.875912;63.000000,158.353152;140
0.889407,0.457117;63.000000,142.675650;52
0.508804,0.860882;64.000000,156.276093;113
0.993366,0.114999;64.000000,156.810506;142
0.081193,0.996698;63.500000,156.928472;113
0.742564,0.669775;65.000000,154.570291;113
0.845865,0.533397;56.000000,150.885064;122
0.694400,0.719590;65.500000,153.321636;34
0.749994,0.661445;65.000000,153.967073;63
0.848374,0.529398;64.500000,146.497528;33
0.316517,0.948587;-100.000000,191.787272;120
0.990051,0.140710;66.500000,149.512748;88
0.902158,0.431405;64.000000,156.969719;146
0.014470,0.999895;63.500000,156.483613;63
0.862677,0.505754;66.500000,142.117852;116
0.885648,0.464356;23.500000,112.299071;122
30
145
83
33
22
161
26
119
52
44
137
152
120
142
123
146
140
135
113
88
63
34
111
116
36
125
133
84
6
122
94
