96
0.000000,1.000000;-1.756184,50.979721;-1
0.242536,0.970143;-1.340583,90.515554;-1
0.554700,0.832050;16.038946,146.637974;-1
0.832050,0.554700;0.605860,24.619195;-1
0.970143,0.242536;2.993652,146.895882;-1
1.000000,0.000000;166.398310,310.451913;-1
0.000000,1.000000;480.306020,1969.457695;0
0.000000,1.000000;510.045713,2424.386534;6
0.000000,1.000000;526.168004,2477.358247;7
0.000000,1.000000;529.636963,2481.049055;8
0.242536,0.970143;443.023903,1257.930179;1
0.242536,0.970143;509.471308,2431.073478;10
0.242536,0.970143;501.749479,2482.373737;11
0.242536,0.970143;503.512597,2490.600478;12
0.554700,0.832050;363.250025,779.273067;2
0.554700,0.832050;505.190845,2021.247350;14
0.554700,0.832050;500.730761,2447.654979;15
0.554700,0.832050;504.222863,2466.664045;16
0.832050,0.554700;357.371723,736.215229;3
0.832050,0.554700;516.484587,2192.159074;18
0.832050,0.554700;520.402924,2433.631324;19
0.832050,0.554700;519.656489,2460.600091;20
0.970143,0.242536;265.036497,557.547866;4
0.970143,0.242536;500.669874,1995.896094;22
0.970143,0.242536;604.672007,2109.664333;23
0.970143,0.242536;697.139342,2139.488232;24
1.000000,0.000000;313.273449,585.842572;5
1.000000,0.000000;526.708570,734.322711;26
1.000000,0.000000;910.246913,1068.105085;27
1.000000,0.000000;1298.571453,1086.224420;28
0.866025,0.500000;1347.451583,1173.791720;29
1.000000,0.000000;1381.740576,935.990090;29
0.965926,0.258819;1280.967796,1166.045542;29
0.707107,0.707107;1150.506426,1409.526154;29
0.874313,0.485363;610.060194,2268.765887;24
0.514496,0.857493;495.607066,2410.822882;24
0.707107,0.707107;1203.733774,1764.317230;33
0.275029,0.961436;495.589791,2441.470523;34
0.970143,0.242536;780.675243,2101.495264;25
0.866025,0.500000;1326.541362,1556.164314;33
0.866025,0.500000;1447.104283,1314.088376;30
0.874313,0.485363;710.684621,2201.706248;25
0.707107,0.707107;1323.578426,1870.397248;36
0.965926,0.258819;1507.813992,1237.827971;40
0.866025,0.500000;1478.727693,1544.642392;39
0.000000,1.000000;830.793864,2124.289136;36
0.866025,0.500000;1480.706869,1625.596432;36
0.866025,0.500000;1461.724202,1452.409694;40
0.258819,0.965926;1217.778725,2003.718947;44
0.500000,0.866025;1239.323091,2057.005485;42
0.707107,0.707107;1376.950639,1962.419633;42
0.866025,0.500000;1535.620014,1793.269899;46
0.000000,1.000000;851.101563,2177.382710;42
0.500000,0.866025;1095.395609,2171.888231;45
1.000000,-0.000000;1583.373441,1655.904008;50
0.258819,0.965926;1017.450779,2238.386985;53
1.000000,-0.000000;1687.788346,1552.476847;51
0.500000,0.866025;1148.491224,2183.453184;53
0.000000,1.000000;739.459486,2271.695177;53
0.707107,0.707107;1258.857204,2099.061273;53
1.000000,-0.000000;1690.437811,1522.131220;54
0.707107,0.707107;1525.216139,1967.786165;51
0.707107,0.707107;1604.631926,1857.662315;56
0.000000,1.000000;881.633289,2239.235732;59
0.258819,0.965926;1021.114975,2220.638824;59
0.707107,0.707107;1331.189923,2101.053063;59
0.965926,0.258819;1724.618152,1571.301265;60
0.000000,1.000000;792.727540,2317.990206;63
1.000000,-0.000000;1765.009391,1592.382054;62
0.866025,0.500000;1690.641036,1867.752201;62
0.718900,0.695113;676.269276,2255.389649;41
0.707107,0.707107;1572.117658,2015.025027;61
1.000000,-0.000000;1817.820714,1514.696548;68
0.258819,0.965926;1538.743255,2027.354436;69
0.258819,0.965926;720.479093,2340.703854;67
0.500000,0.866025;1603.771110,2002.402338;69
0.866025,0.500000;1689.373872,1955.554074;71
1.000000,-0.000000;1810.763360,1663.846774;69
1.000000,-0.000000;1859.889617,1584.874979;77
0.707107,0.707107;1206.236630,2142.098925;63
0.866025,0.500000;1717.173521,1968.435682;76
0.242536,0.970143;503.065172,2487.736960;13
0.500000,0.866025;1604.969503,2034.421211;75
0.866025,0.500000;870.742330,2264.199515;74
1.000000,-0.000000;1906.153218,1476.896624;78
0.258819,0.965926;1612.186980,2049.856189;80
0.997927,0.064359;750.594316,1944.934926;19
0.866025,0.500000;1856.584029,1725.889250;78
0.000000,1.000000;692.762220,2372.586487;74
0.500000,0.866025;911.473378,2278.467018;67
1.000000,-0.000000;1937.176958,1430.887318;84
0.866025,0.500000;1867.890213,1795.239308;87
0.707107,0.707107;1680.596595,2038.668141;85
0.965926,0.258819;1913.571861,1691.978512;87
0.485363,0.874313;503.347798,2491.690273;13
0.874313,0.485363;627.712299,2285.345967;34
63
94
13
9
8
19
15
23
34
95
24
88
70
74
41
67
58
10
38
83
63
89
55
64
18
22
53
57
26
79
59
49
65
50
36
42
27
73
61
85
82
92
33
39
28
80
76
69
46
54
44
47
91
87
77
93
68
30
78
72
43
84
90
31
