-100.000000,184.740817
-100.000000,183.700587
-100.000000,189.112468
-100.000000,193.509443
-100.000000,190.511871
-100.000000,184.937851
7.500000,166.552260
11.000000,156.914693
15.000000,143.580575
14.500000,142.606740
13.500000,139.768541
17.000000,137.198458
17.000000,134.766583
15.000000,127.040308
15.500000,127.405698
12.500000,122.347456
11.500000,121.581446
6.500000,123.135119
52.000000,83.030019
53.000000,80.844749
67.500000,46.587768
67.500000,46.466260
67.500000,46.274583
67.500000,46.104142
67.500000,45.975155
67.500000,45.860799
67.500000,45.734544
67.500000,45.596474
67.500000,45.496632
67.500000,45.456181
67.500000,45.423097
67.500000,45.359816
67.500000,45.314039
67.500000,45.294734
67.500000,45.247899
67.500000,45.210427
67.500000,45.196306
67.500000,45.151973
67.500000,45.133525
67.500000,45.125945
-100.000000,192.076788
-100.000000,195.432540
-100.000000,195.617896
-100.000000,191.891167
-100.000000,187.421667
-100.000000,183.050527
-100.000000,178.060391
-100.000000,180.282642
-100.000000,184.683368
-100.000000,189.530794
-100.000000,193.564436
-100.000000,196.380688
-100.000000,196.840821
-100.000000,195.506337
-100.000000,193.401411
-100.000000,191.082977
-100.000000,191.478813
-100.000000,193.743935
-100.000000,195.584431
-100.000000,196.803624
67.500000,45.940854
67.500000,46.182084
67.500000,46.371880
67.000000,47.034067
67.000000,47.292093
67.000000,47.462114
67.000000,47.499184
67.000000,47.757620
67.000000,48.028164
67.000000,48.279021
67.000000,48.478898
67.000000,48.595393
67.000000,48.698563
67.000000,48.830622
67.000000,48.919386
66.500000,49.515920
66.500000,49.645477
66.500000,49.830744
66.500000,49.945834
66.500000,50.047500
67.500000,46.608267
67.500000,46.493313
67.500000,46.345438
67.500000,46.219543
67.500000,46.130419
67.500000,46.052450
67.500000,45.959547
67.500000,45.851891
67.500000,45.763242
67.500000,45.722522
67.500000,45.708151
67.500000,45.669834
67.500000,45.671994
67.500000,45.662163
67.500000,45.649603
67.500000,45.594543
67.500000,45.565514
67.500000,45.563276
67.500000,45.518440
67.500000,45.478810
61.500000,51.373790
61.500000,51.475033
61.000000,52.105460
60.500000,53.181170
60.500000,53.888361
60.500000,54.772022
60.500000,55.779408
60.000000,57.573761
59.500000,59.382545
58.500000,63.641570
57.500000,68.989587
54.500000,78.014112
52.000000,82.522537
16.500000,120.007200
19.000000,138.266472
15.000000,156.886863
-100.000000,195.853661
-100.000000,199.382897
-100.000000,199.128662
-100.000000,199.430997
