-100.000000,197.280580
-100.000000,197.130969
-100.000000,196.989976
-100.000000,196.613942
-100.000000,196.658451
-100.000000,196.876054
-100.000000,196.749827
-100.000000,196.740851
-100.000000,196.444298
-100.000000,195.851208
-100.000000,195.517082
-100.000000,195.417971
-100.000000,196.019730
-100.000000,195.907682
-100.000000,196.119414
-100.000000,196.414542
-100.000000,196.717670
-100.000000,197.033135
-100.000000,197.481017
-100.000000,197.757934
-100.000000,197.248379
-100.000000,197.115548
-100.000000,196.963394
-100.000000,196.573387
-100.000000,196.630316
-100.000000,196.812944
-100.000000,196.698411
-100.000000,196.708383
-100.000000,196.399935
-100.000000,195.803767
-100.000000,195.626474
-100.000000,195.566415
-100.000000,196.135215
-100.000000,195.807299
-100.000000,196.187162
-100.000000,196.419756
-100.000000,196.697358
-100.000000,197.000097
-100.000000,197.404956
-100.000000,197.727593
-100.000000,197.276729
-100.000000,197.139137
-100.000000,196.976589
-100.000000,196.590759
-100.000000,196.652755
-100.000000,196.874218
-100.000000,196.763081
-100.000000,196.709733
-100.000000,196.353968
-100.000000,195.731411
-100.000000,195.425455
-100.000000,195.386826
-100.000000,195.987527
-100.000000,195.682374
-100.000000,196.004238
-100.000000,196.251912
-100.000000,196.558669
-100.000000,196.952691
-100.000000,197.368896
-100.000000,197.723866
62.500000,56.289155
62.500000,57.294963
62.500000,56.857274
62.500000,56.966824
62.500000,56.559391
62.500000,55.998861
63.000000,54.825425
62.500000,55.041656
62.500000,55.382656
62.500000,55.379164
62.500000,55.188882
62.500000,54.284425
62.500000,54.214208
62.500000,54.077590
62.000000,54.097550
62.500000,53.381490
62.500000,52.870472
62.500000,52.399959
62.500000,52.011163
62.500000,51.621015
67.500000,46.597059
67.500000,46.460816
67.500000,46.307201
67.500000,46.185949
67.500000,46.052860
67.500000,45.986735
67.500000,45.841760
67.500000,45.780826
67.500000,45.731330
67.500000,45.653299
67.500000,45.637371
67.500000,45.601190
67.500000,45.560403
67.500000,45.526315
67.500000,45.510135
67.500000,45.487349
67.500000,45.429523
67.500000,45.387913
67.500000,45.353634
67.500000,45.303753
67.500000,46.589140
67.500000,46.459815
67.500000,46.251416
67.500000,46.088902
67.500000,45.951186
67.500000,45.844065
67.500000,45.711949
67.500000,45.595042
67.500000,45.532405
67.500000,45.440573
67.500000,45.371341
67.500000,45.330040
67.500000,45.284665
67.500000,45.246461
67.500000,45.203263
67.500000,45.186049
67.500000,45.170520
67.500000,45.123060
67.500000,45.086389
67.500000,45.054366
