-100.000000,198.577761
-100.000000,198.541093
-100.000000,198.481623
-100.000000,198.412182
-100.000000,198.342568
-100.000000,198.415551
-100.000000,198.488947
-100.000000,198.508198
-100.000000,198.523585
-100.000000,198.497341
-100.000000,198.455262
-100.000000,198.364566
-100.000000,198.343329
-100.000000,198.435593
-100.000000,198.384497
-100.000000,198.421644
-100.000000,198.316165
-100.000000,198.263129
-100.000000,198.210912
-100.000000,198.338100
-100.000000,198.579572
-100.000000,198.554710
-100.000000,198.492689
-100.000000,198.425286
-100.000000,198.357249
-100.000000,198.419239
-100.000000,198.498950
-100.000000,198.514165
-100.000000,198.520980
-100.000000,198.504385
-100.000000,198.450976
-100.000000,198.358581
-100.000000,198.333483
-100.000000,198.424751
-100.000000,198.382764
-100.000000,198.424418
-100.000000,198.308283
-100.000000,198.280627
-100.000000,198.227919
-100.000000,198.360070
-100.000000,198.578299
-100.000000,198.545826
-100.000000,198.483444
-100.000000,198.416693
-100.000000,198.352179
-100.000000,198.423464
-100.000000,198.501572
-100.000000,198.521729
-100.000000,198.534325
-100.000000,198.515644
-100.000000,198.460680
-100.000000,198.367475
-100.000000,198.349699
-100.000000,198.444269
-100.000000,198.406682
-100.000000,198.438461
-100.000000,198.325873
-100.000000,198.301092
-100.000000,198.243674
-100.000000,198.377932
63.000000,55.116116
63.000000,54.344442
63.000000,54.632281
63.500000,53.464277
63.000000,53.809093
63.500000,52.946509
63.000000,52.977423
63.000000,53.163558
63.000000,52.345356
63.000000,52.092043
63.000000,51.528912
63.000000,51.913948
62.500000,51.941313
62.500000,51.601977
62.500000,51.625866
62.500000,51.158970
62.500000,51.214482
62.500000,50.903388
62.000000,50.873400
62.500000,50.490239
67.500000,46.533066
67.500000,46.386842
67.500000,46.252192
67.500000,46.160782
67.500000,45.971318
67.500000,45.888610
67.500000,45.790927
67.500000,45.751141
67.500000,45.672477
67.500000,45.604855
67.500000,45.536668
67.500000,45.488980
67.500000,45.416352
67.500000,45.401182
67.500000,45.342800
67.500000,45.284580
67.500000,45.272248
67.500000,45.263541
67.500000,45.250465
67.500000,45.260379
67.500000,46.534404
67.500000,46.358620
67.500000,46.194991
67.500000,46.060148
67.500000,45.915079
67.500000,45.798462
67.500000,45.628625
67.500000,45.554543
67.500000,45.455471
67.500000,45.382877
67.500000,45.319061
67.500000,45.251588
67.500000,45.214415
67.500000,45.182989
67.500000,45.153390
67.500000,45.118276
67.500000,45.077846
67.500000,45.037663
67.500000,45.008401
67.500000,45.002856
