-100.000000,196.609324
-100.000000,196.412317
-100.000000,196.537166
-100.000000,196.679282
-100.000000,196.854802
-100.000000,196.943794
-100.000000,197.140488
-100.000000,197.128207
-100.000000,197.312170
-100.000000,197.459065
-100.000000,197.554894
-100.000000,197.479441
-100.000000,197.593632
-100.000000,197.480459
-100.000000,197.652438
-100.000000,197.810660
-100.000000,197.991515
-100.000000,198.015093
-100.000000,197.916120
-100.000000,198.074696
-100.000000,197.440243
-100.000000,197.108912
-100.000000,197.229253
-100.000000,197.205953
-100.000000,197.540824
-100.000000,197.092179
-100.000000,196.912874
-100.000000,196.985859
-100.000000,196.843457
-100.000000,197.013742
-100.000000,196.931457
-100.000000,196.815497
-100.000000,196.494526
-100.000000,196.067629
-100.000000,196.532794
-100.000000,197.085773
-100.000000,197.089331
-100.000000,196.952733
-100.000000,196.672301
-100.000000,196.689799
-100.000000,197.341454
-100.000000,197.024536
-100.000000,197.208524
-100.000000,197.477032
-100.000000,197.722682
-100.000000,197.508440
-100.000000,197.565838
-100.000000,197.245688
-100.000000,197.198407
-100.000000,196.855471
-100.000000,196.118991
-100.000000,195.569896
-100.000000,194.503903
-100.000000,194.992881
-100.000000,195.759125
-100.000000,196.484142
-100.000000,196.093145
-100.000000,196.118075
-100.000000,195.818343
-100.000000,195.350914
67.500000,46.257663
67.500000,46.253329
67.500000,46.259689
67.500000,46.265447
67.500000,46.262873
67.500000,46.269831
67.500000,46.250878
67.500000,46.246811
67.500000,46.240784
67.500000,46.230616
67.500000,46.227238
67.500000,46.215051
67.500000,46.205460
67.500000,46.207112
67.500000,46.196930
67.500000,46.167186
67.500000,46.181290
67.500000,46.168201
67.500000,46.176195
67.500000,46.141247
67.500000,44.772121
67.500000,44.772805
67.500000,44.791800
67.500000,44.793490
67.500000,44.797821
67.500000,44.800556
67.500000,44.795817
67.500000,44.796793
67.500000,44.798057
67.500000,44.797047
67.500000,44.790140
67.500000,44.794777
67.500000,44.800067
67.500000,44.810045
67.500000,44.807473
67.500000,44.806360
67.500000,44.806480
67.500000,44.809667
67.500000,44.806113
67.500000,44.812525
65.500000,48.136143
65.500000,48.171603
65.500000,48.092489
65.500000,48.121087
65.500000,48.125278
65.500000,48.130242
65.500000,48.199414
65.500000,48.163948
65.500000,48.032609
65.500000,48.010149
65.500000,48.002742
65.500000,47.935238
65.500000,47.999202
66.000000,47.624672
65.500000,48.060132
65.500000,48.030998
65.500000,48.083653
66.000000,47.706467
66.000000,47.636588
66.000000,47.597573
