108
0.000000,1.000000;194.257334,-60.214988;-1
0.242536,0.970143;-88.755336,-74.882372;-1
0.554700,0.832050;-33.392342,-40.982654;-1
0.832050,0.554700;84.954709,-15.938025;-1
0.970143,0.242536;143.772284,-11.453341;-1
1.000000,0.000000;427.757566,-329.970621;-1
0.000000,1.000000;1217.516749,2116.506642;0
0.000000,1.000000;2022.364204,3896.063937;6
0.000000,1.000000;1739.286416,5279.301504;7
0.000000,1.000000;1618.346731,5368.155051;8
0.000000,1.000000;1373.970690,5546.198202;9
0.242536,0.970143;445.506886,1284.477067;1
0.242536,0.970143;404.738100,1404.377330;11
0.242536,0.970143;405.025327,1477.886422;12
0.242536,0.970143;398.681286,1503.602990;13
0.242536,0.970143;428.087393,1512.534776;14
0.554700,0.832050;1926.565749,2010.719726;2
0.554700,0.832050;2352.025328,3220.856025;16
0.554700,0.832050;2898.493610,3728.330922;17
0.554700,0.832050;3169.886656,3873.126189;18
0.554700,0.832050;3210.971801,3935.614006;19
0.832050,0.554700;2044.341872,1798.789864;3
0.832050,0.554700;2611.663842,2923.984581;21
0.832050,0.554700;3177.616812,3110.633571;22
0.832050,0.554700;3444.500527,3309.794834;23
0.832050,0.554700;3523.592018,3479.949447;24
0.970143,0.242536;2709.096567,1707.844721;4
0.970143,0.242536;2944.379407,2895.637678;26
0.970143,0.242536;3225.951848,3293.666513;27
0.970143,0.242536;3572.903475,3374.593354;28
0.970143,0.242536;3564.968395,3554.093879;29
1.000000,0.000000;999.415058,-174.422745;5
1.000000,0.000000;1626.650646,132.354263;31
1.000000,0.000000;3292.705256,540.002746;32
1.000000,0.000000;3316.118353,1216.457303;33
1.000000,0.000000;3594.958442,1510.613866;34
0.970143,0.242536;3679.563441,3582.652650;30
0.707107,0.707107;2321.992662,5158.288671;10
0.064359,0.997927;3116.561683,4020.455668;20
0.874313,0.485363;3554.692309,3526.780273;29
0.707107,0.707107;2220.611965,5230.978120;9
0.554700,0.832050;3369.781967,3938.111203;20
0.500000,0.866025;2033.359383,5590.449017;37
0.707107,0.707107;3770.939187,2320.843153;35
0.707107,0.707107;2162.862978,5259.609293;37
0.970143,0.242536;3720.636024,3656.378993;36
0.514496,0.857493;3630.284270,3767.507674;36
0.866025,0.500000;2641.001227,4862.171511;37
0.866025,0.500000;3643.277165,2427.232990;43
0.965926,0.258819;2761.913535,4469.655088;47
1.000000,-0.000000;2821.951114,4435.544880;37
0.000000,1.000000;1785.436631,5764.531906;42
0.707107,0.707107;3768.676919,2637.530117;43
0.874313,0.485363;3688.699610,3790.764057;46
1.000000,-0.000000;2983.467310,3455.792522;47
0.970143,0.242536;3780.118603,3674.269488;45
0.514496,0.857493;3572.041523,3969.263040;53
0.707107,0.707107;2634.320341,4782.374643;50
0.258819,0.965926;1576.017018,5745.005948;47
0.500000,0.866025;1817.946290,5709.341145;51
0.866025,0.500000;2578.061766,5102.537004;59
0.970143,0.242536;3771.624539,3725.837116;55
0.707107,0.707107;2217.527029,5404.726337;51
0.866025,0.500000;2678.635992,4682.033226;50
0.514496,0.857493;3627.832622,3947.184169;56
0.965926,0.258819;2403.984184,5111.473926;59
0.970143,0.242536;3778.421375,3735.846487;61
0.016820,0.999859;3400.364540,4045.464581;56
1.000000,-0.000000;2847.332506,4689.546964;60
0.970143,0.242536;3789.883845,4006.785517;64
0.965926,0.258819;2652.368438,5049.206087;60
0.514496,0.857493;3740.382050,3819.300628;61
0.970143,0.242536;3803.119209,3942.660930;69
1.000000,-0.000000;2851.176243,4707.328602;70
0.514496,0.857493;3596.957410,4071.012903;69
0.016820,0.999859;3409.768960,4134.342290;67
0.718900,0.695113;3679.285285,4021.849031;69
0.874313,0.485363;3777.109863,3956.643150;69
0.016820,0.999859;3384.095150,4238.584832;75
0.718900,0.695113;3530.788751,4180.355602;75
0.016820,0.999859;3439.477254,4169.827601;74
0.970143,0.242536;3817.223688,3912.553936;72
0.514496,0.857493;3605.505931,4162.441197;74
0.970143,0.242536;3781.701963,3993.301432;76
0.016820,0.999859;3297.627375,4306.181499;78
0.970143,0.242536;3811.225787,3915.144472;81
0.718900,0.695113;3587.948755,4218.631663;79
0.718900,0.695113;3456.208710,4270.264285;78
0.970143,0.242536;3786.085553,3999.298440;82
0.514496,0.857493;3622.578539,4202.949345;82
0.275029,0.961436;3272.158486,4295.042227;84
0.514496,0.857493;3498.444468,4346.051637;87
0.874313,0.485363;3615.373287,4109.933473;89
0.718900,0.695113;3655.311273,4144.124662;89
0.016820,0.999859;3285.858444,4326.628204;84
0.514496,0.857493;3382.032720,4356.376866;84
0.275029,0.961436;3437.891777,4341.163911;91
0.718900,0.695113;3521.262948,4354.938128;91
0.514496,0.857493;3421.799162,4370.835034;91
0.016820,0.999859;3412.610133,4407.883056;91
0.500000,0.866025;1713.826123,5588.346266;10
0.258819,0.965926;1732.396100,5705.056672;10
0.016820,0.999859;3400.342142,4430.315064;99
0.718900,0.695113;3544.642500,4361.018178;97
0.718900,0.695113;3542.654130,4209.441237;86
0.000000,1.000000;1499.744345,5621.753503;10
0.857493,0.514496;492.421292,1493.814277;14
0.695113,0.718900;469.528094,1493.644624;14
61
10
105
14
58
15
101
100
51
59
8
106
11
42
62
44
40
37
65
60
70
7
47
57
63
6
73
68
49
50
17
102
99
98
96
103
97
86
104
89
82
93
74
76
64
69
88
81
85
66
61
29
24
21
52
48
43
26
35
34
33
32
