-100.000000,198.510755
-100.000000,198.487560
-100.000000,198.593240
-100.000000,198.676897
-100.000000,198.566065
-100.000000,198.605469
-100.000000,198.590669
-100.000000,198.582069
-100.000000,198.500567
-100.000000,198.382928
-100.000000,198.256382
-100.000000,198.340287
-100.000000,198.227671
-100.000000,198.089068
-100.000000,197.925152
-100.000000,197.989703
-100.000000,197.771983
-100.000000,197.930815
-100.000000,198.048715
-100.000000,198.167732
-100.000000,198.509412
-100.000000,198.487375
-100.000000,198.594350
-100.000000,198.680967
-100.000000,198.568950
-100.000000,198.612767
-100.000000,198.605064
-100.000000,198.596177
-100.000000,198.517987
-100.000000,198.398907
-100.000000,198.269943
-100.000000,198.346322
-100.000000,198.228873
-100.000000,198.082877
-100.000000,197.897619
-100.000000,197.955161
-100.000000,197.723349
-100.000000,197.897226
-100.000000,198.035667
-100.000000,198.169766
-100.000000,198.515360
-100.000000,198.498346
-100.000000,198.610069
-100.000000,198.698103
-100.000000,198.580823
-100.000000,198.625788
-100.000000,198.618987
-100.000000,198.612180
-100.000000,198.529992
-100.000000,198.403957
-100.000000,198.252861
-100.000000,198.311834
-100.000000,198.183675
-100.000000,198.009248
-100.000000,197.738323
-100.000000,197.837302
-100.000000,197.549639
-100.000000,197.726372
-100.000000,197.953565
-100.000000,198.124177
63.000000,55.577533
63.000000,54.470370
63.500000,53.690864
63.500000,53.390908
63.500000,53.026164
64.000000,51.942535
63.500000,51.935863
64.000000,51.647203
64.000000,51.371283
64.000000,50.998712
64.000000,50.876897
64.000000,50.752116
63.500000,50.895040
63.500000,50.824346
63.500000,50.567693
63.500000,50.434198
63.000000,50.939486
63.000000,51.199958
63.000000,50.761061
63.000000,50.787973
67.500000,46.574860
67.500000,46.412944
67.500000,46.284346
67.500000,46.158089
67.500000,46.072518
67.500000,45.996501
67.500000,45.911847
67.500000,45.863566
67.500000,45.766487
67.500000,45.676887
67.500000,45.617601
67.500000,45.567901
67.500000,45.518012
67.500000,45.501536
67.500000,45.471861
67.500000,45.413460
67.500000,45.398512
67.500000,45.395277
67.500000,45.366400
67.500000,45.366003
67.500000,46.537222
67.500000,46.351126
67.500000,46.208410
67.500000,46.042128
67.500000,45.888921
67.500000,45.795542
67.500000,45.676779
67.500000,45.586787
67.500000,45.503952
67.500000,45.457497
67.500000,45.412328
67.500000,45.368356
67.500000,45.324207
67.500000,45.279099
67.500000,45.236448
67.500000,45.202695
67.500000,45.176555
67.500000,45.168066
67.500000,45.147278
67.500000,45.141971
