48
0.000000,1.000000;332.146237,1296.270389;-1
0.242536,0.970143;114.393578,526.410608;-1
0.554700,0.832050;142.845067,1217.653120;-1
0.832050,0.554700;344.313547,1495.486322;-1
0.970143,0.242536;186.030347,644.719636;-1
1.000000,0.000000;280.431769,1478.031679;-1
0.000000,1.000000;500.273686,2265.874120;0
0.000000,1.000000;499.711831,2488.816096;6
0.000000,1.000000;500.009453,2499.552033;7
0.000000,1.000000;499.837726,2498.859864;8
0.242536,0.970143;502.142263,1914.233889;1
0.242536,0.970143;505.071422,2487.744104;10
0.242536,0.970143;505.115290,2496.234269;11
0.242536,0.970143;774.875268,2445.466044;12
0.554700,0.832050;504.580738,2262.624103;2
0.554700,0.832050;643.380329,2352.329392;14
0.554700,0.832050;2163.424833,1978.543999;15
0.554700,0.832050;2357.120796,1959.954679;16
0.832050,0.554700;871.607568,2235.621961;3
0.832050,0.554700;2198.052073,1130.376461;18
0.832050,0.554700;2429.441649,1085.973934;19
0.832050,0.554700;2445.690366,1239.151808;20
0.970143,0.242536;989.348642,1850.448533;4
0.970143,0.242536;1881.671573,1489.948686;22
0.970143,0.242536;2357.345756,1339.180517;23
0.970143,0.242536;2385.137432,1230.260124;24
1.000000,0.000000;965.951283,1844.511187;5
1.000000,0.000000;2001.261273,1170.706656;26
1.000000,0.000000;2394.775961,824.163210;27
1.000000,0.000000;2404.727644,687.787780;28
0.980581,0.196116;2419.912857,1793.749018;17
0.242536,0.970143;921.910773,2423.634807;13
0.896410,0.443227;2408.801601,1869.599680;17
0.485363,0.874313;1202.800211,2350.570118;13
0.000000,1.000000;499.961401,2499.106599;9
0.064359,0.997927;501.906516,2487.620981;17
0.242536,0.970143;1151.724996,2378.949734;33
0.997927,0.064359;2449.710033,1003.753348;21
0.064359,0.997927;502.021258,2474.132109;16
0.196116,0.980581;1705.983783,2020.301269;21
0.947266,0.320449;2437.197377,1288.696025;21
0.896410,0.443227;2409.148122,1896.351350;32
0.320449,0.947266;2354.082582,2060.895516;41
0.832050,0.554700;2441.358129,1425.435130;37
0.196116,0.980581;504.328591,2477.679888;39
0.554700,0.832050;2377.005013,2005.078204;32
0.707107,0.707107;877.916742,2403.799028;8
0.896410,0.443227;2427.771013,1924.509556;41
32
8
34
6
14
15
10
13
46
31
18
36
33
26
22
39
16
42
45
17
47
41
30
43
27
24
40
25
21
20
37
28
29
