-100.000000,197.652978
-100.000000,197.900964
-100.000000,198.070378
-100.000000,198.150305
-100.000000,198.179777
-100.000000,198.160488
-100.000000,197.986405
-100.000000,197.756297
-100.000000,197.521814
-100.000000,197.319125
-100.000000,197.307171
-100.000000,197.244836
-100.000000,197.180748
-100.000000,197.008810
-100.000000,196.919642
-100.000000,196.841341
-100.000000,196.816504
-100.000000,196.665379
-100.000000,196.619969
-100.000000,196.399593
-100.000000,194.919975
-100.000000,195.600945
-100.000000,196.981922
-100.000000,197.206093
-100.000000,197.181003
-100.000000,197.594921
-100.000000,197.221149
-100.000000,196.903625
-100.000000,196.625143
-100.000000,196.461762
-100.000000,196.936484
-100.000000,196.910396
-100.000000,196.742513
-100.000000,196.173981
-100.000000,196.224622
-100.000000,196.405705
-100.000000,196.630573
-100.000000,196.354055
-100.000000,196.109382
-100.000000,195.659675
-100.000000,196.157265
-100.000000,196.897376
-100.000000,197.308865
-100.000000,197.494428
-100.000000,197.494620
-100.000000,197.572415
-100.000000,197.174408
-100.000000,196.788203
-100.000000,196.457396
-100.000000,195.476263
-100.000000,195.513445
-100.000000,195.385672
-100.000000,195.273942
-100.000000,194.495121
-100.000000,194.484596
-100.000000,194.367634
-100.000000,194.753964
-100.000000,194.564804
-100.000000,194.408256
-100.000000,194.062083
67.000000,47.733552
67.000000,47.760704
67.000000,47.772302
67.000000,47.774626
67.000000,47.769961
67.000000,47.778794
67.000000,47.781053
67.000000,47.760725
67.000000,47.758973
67.000000,47.742034
67.000000,47.762085
67.000000,47.776895
67.000000,47.776301
67.000000,47.778402
67.000000,47.790059
67.000000,47.760946
67.000000,47.752602
67.000000,47.761251
67.000000,47.753950
67.000000,47.755372
67.500000,44.849813
67.500000,44.853632
67.500000,44.849975
67.500000,44.847596
67.500000,44.851011
67.500000,44.851842
67.500000,44.860441
67.500000,44.858304
67.500000,44.862552
67.500000,44.863443
67.500000,44.858610
67.500000,44.856449
67.500000,44.868504
67.500000,44.866074
67.500000,44.857612
67.500000,44.859823
67.500000,44.855778
67.500000,44.854254
67.500000,44.847383
67.500000,44.848555
66.000000,47.206517
66.000000,47.164493
66.000000,47.172881
66.000000,47.129224
66.000000,47.108335
66.000000,47.085422
66.000000,47.089494
66.000000,47.076304
66.000000,47.086290
66.000000,47.104605
66.000000,47.062382
66.000000,47.075292
66.000000,47.067955
66.000000,47.062421
66.500000,46.725503
66.000000,47.083686
66.500000,46.703523
66.000000,47.060574
66.500000,46.703359
66.500000,46.688957
