84
0.000000,1.000000;0.000000,150.000000;-1
0.242536,0.970143;0.000000,150.000000;-1
0.554700,0.832050;0.000000,150.000000;-1
0.832050,0.554700;0.000000,150.000000;-1
0.970143,0.242536;0.000000,150.000000;-1
1.000000,0.000000;0.000000,150.000000;-1
0.000000,1.000000;-13.388509,132.989568;0
0.000000,1.000000;-10.807772,149.802102;6
0.000000,1.000000;-7.168229,149.789817;7
0.000000,1.000000;-7.074272,149.853621;8
0.242536,0.970143;35.379217,148.087099;1
0.242536,0.970143;44.896848,147.446975;10
0.242536,0.970143;46.315123,148.582097;11
0.242536,0.970143;44.223670,148.342978;12
0.554700,0.832050;21.441200,79.039308;2
0.554700,0.832050;39.250031,129.674636;14
0.554700,0.832050;45.041443,144.886593;15
0.554700,0.832050;45.474376,148.541685;16
0.832050,0.554700;29.262374,111.563411;3
0.832050,0.554700;43.096738,140.440407;18
0.832050,0.554700;45.152257,147.298327;19
0.832050,0.554700;47.812456,147.924045;20
0.970143,0.242536;42.097703,97.238478;4
0.970143,0.242536;44.546499,101.596636;22
0.970143,0.242536;40.860237,119.436733;23
0.970143,0.242536;46.498680,139.741868;24
1.000000,0.000000;24.241048,68.801044;5
1.000000,0.000000;39.784273,100.601516;26
1.000000,0.000000;60.757709,71.081842;27
1.000000,0.000000;87.962102,60.263256;28
0.707107,0.707107;128.441938,118.585776;29
1.000000,0.000000;115.564860,59.253185;29
0.707107,0.707107;63.186253,133.139734;28
0.965926,0.258819;122.271034,76.932881;29
0.695113,0.718900;45.802170,148.039414;13
0.866025,0.500000;125.924203,102.727677;29
0.258819,0.965926;84.470470,144.340551;35
0.857493,0.514496;50.669808,140.784283;10
0.695113,0.718900;39.503136,147.212072;10
0.485363,0.874313;46.680551,146.396636;10
0.997927,0.064359;45.790740,86.849412;18
0.947266,0.320449;45.528791,126.114651;18
0.866025,0.500000;207.728245,79.540012;30
0.707107,0.707107;143.256049,106.127701;37
0.999859,0.016820;127.157061,111.369164;38
0.961436,0.275029;69.425527,132.900560;39
0.857493,0.514496;47.926004,135.925154;40
0.695113,0.718900;116.159540,127.384984;38
0.707107,0.707107;218.290757,84.783555;42
0.242536,0.970143;51.484846,147.756768;47
0.500000,0.866025;193.784833,106.418475;42
0.866025,0.500000;235.233604,63.136218;42
0.695113,0.718900;148.507908,110.327570;47
0.485363,0.874313;103.301906,129.426808;47
0.999859,0.016820;187.444995,71.320924;52
0.000000,1.000000;44.917556,147.873781;43
0.500000,0.866025;181.833077,118.049272;50
0.000000,1.000000;103.013827,141.179812;50
0.258819,0.965926;142.703003,132.652556;50
0.961436,0.275029;171.341344,79.947007;52
1.000000,-0.000000;247.625669,46.289393;48
0.000000,1.000000;29.627848,149.828326;55
1.000000,-0.000000;220.953537,86.639542;56
0.500000,0.866025;166.725745,126.201611;57
0.000000,1.000000;65.720966,146.561595;58
0.707107,0.707107;222.662191,86.609634;48
0.000000,1.000000;163.671542,124.688097;65
0.866025,0.500000;249.431215,47.540015;60
0.258819,0.965926;181.072947,118.245247;65
0.707107,0.707107;239.470435,59.515000;60
0.500000,0.866025;200.080770,104.337535;65
0.965926,0.258819;220.063144,89.100563;56
1.000000,-0.000000;256.884181,35.807058;67
0.258819,0.965926;222.687626,80.459884;67
0.500000,0.866025;182.086167,118.451514;68
0.000000,1.000000;208.494834,95.097736;69
0.258819,0.965926;159.798990,125.285353;70
0.258819,0.965926;221.992522,81.332768;67
0.000000,1.000000;117.321347,138.275297;74
0.500000,0.866025;209.809032,95.168774;73
0.258819,0.965926;146.002366,132.606918;74
1.000000,-0.000000;233.157477,68.578658;75
0.258819,0.965926;137.947103,135.712403;76
0.965926,0.258819;225.813623,77.854999;70
57
61
10
38
18
17
13
12
21
25
24
49
37
41
27
64
23
32
45
40
36
57
53
78
28
47
82
58
30
80
44
35
76
63
66
52
43
29
74
56
33
50
70
31
79
75
71
65
62
73
77
83
81
51
69
67
60
72
