66.000000,47.328919
66.000000,47.624564
65.500000,48.252982
65.500000,48.496427
65.500000,48.780903
65.500000,49.023276
66.000000,48.586610
66.000000,48.715355
66.000000,48.885808
65.500000,49.516188
65.500000,49.843434
66.000000,49.656978
66.000000,49.838132
66.000000,50.072592
66.000000,50.113343
65.500000,50.984429
65.500000,51.548085
65.500000,52.764119
65.000000,53.131027
64.500000,54.488932
66.000000,47.239060
66.000000,47.446112
66.000000,47.595945
66.500000,47.351115
66.500000,47.521139
66.500000,47.618797
66.500000,47.858861
66.000000,48.495508
66.000000,48.631866
66.000000,48.822605
66.000000,49.013018
66.000000,49.267694
66.500000,48.918025
66.500000,49.137335
66.500000,49.148848
66.000000,49.626213
66.000000,49.693481
66.000000,49.782370
66.500000,49.356822
66.500000,49.250623
66.000000,47.312149
65.500000,47.893828
65.500000,48.148760
65.000000,48.720262
65.000000,49.055668
65.000000,49.180250
65.000000,49.356607
64.500000,49.973162
64.500000,50.162489
64.500000,50.371528
64.500000,50.695699
64.500000,51.039591
64.500000,51.498474
64.500000,51.981663
64.500000,52.658843
64.000000,54.119977
63.500000,55.665377
23.000000,92.668489
26.500000,95.295452
28.000000,98.442136
67.500000,46.702730
67.500000,46.730438
67.500000,46.785468
67.500000,46.856276
67.500000,46.887937
67.500000,46.832454
67.500000,46.861553
67.500000,46.918471
67.500000,46.920214
67.500000,46.903315
67.500000,46.953329
67.500000,46.986332
67.500000,47.009694
67.500000,47.047776
67.500000,47.039427
67.500000,47.021581
67.500000,47.010582
67.500000,47.067103
67.500000,47.071793
67.500000,47.152443
66.500000,49.930506
66.500000,49.883920
66.500000,49.661984
66.500000,49.512593
66.500000,49.366991
67.000000,48.852560
67.000000,48.749004
67.000000,48.673233
67.000000,48.600323
67.000000,48.389994
67.000000,48.334736
67.000000,48.207791
67.000000,48.195314
67.000000,48.133471
67.000000,48.084827
67.000000,48.008802
67.000000,47.958816
67.000000,47.972798
67.000000,47.966470
67.000000,47.894576
-100.000000,197.245136
-100.000000,192.082123
-100.000000,183.391894
-100.000000,170.487090
-100.000000,163.031235
27.500000,114.164146
36.000000,101.120842
36.500000,86.711464
41.000000,76.801378
42.000000,70.645603
43.000000,67.735854
44.000000,65.172798
44.500000,64.298357
45.000000,63.521536
44.500000,64.366896
45.000000,63.472562
46.000000,62.752428
46.500000,60.987935
46.500000,60.720366
46.500000,61.303597
