36
0.000000,1.000000;194.257334,-60.214988;-1
0.242536,0.970143;-88.755336,-74.882372;-1
0.554700,0.832050;-33.392342,-40.982654;-1
0.832050,0.554700;84.954709,-15.938025;-1
0.970143,0.242536;143.772284,-11.453341;-1
1.000000,0.000000;427.757566,-329.970621;-1
0.000000,1.000000;1645.715975,2952.530599;0
0.000000,1.000000;2019.508339,4132.422821;6
0.000000,1.000000;2011.286094,4695.846894;7
0.000000,1.000000;1909.839892,5359.005138;8
0.000000,1.000000;1821.576602,5518.456120;9
0.242536,0.970143;454.442788,1197.044522;1
0.242536,0.970143;402.779015,1431.216047;11
0.242536,0.970143;450.880732,1452.164395;12
0.242536,0.970143;422.267989,1483.416989;13
0.242536,0.970143;415.734180,1556.476951;14
0.554700,0.832050;2201.339828,2017.184416;2
0.554700,0.832050;2787.607284,3165.116928;16
0.554700,0.832050;2974.033563,3557.844125;17
0.554700,0.832050;3240.858614,3764.173781;18
0.554700,0.832050;3094.418164,3852.045359;19
0.832050,0.554700;2100.317789,2140.988943;3
0.832050,0.554700;2736.224030,3105.567538;21
0.832050,0.554700;3083.919676,3338.822452;22
0.832050,0.554700;3119.079709,3553.576267;23
0.832050,0.554700;3324.098613,3662.787856;24
0.970143,0.242536;2503.170239,1181.092716;4
0.970143,0.242536;3070.248684,3013.334738;26
0.970143,0.242536;3255.900397,3083.581671;27
0.970143,0.242536;3527.346931,3138.327042;28
0.970143,0.242536;3649.473607,3197.890768;29
1.000000,0.000000;993.493233,-199.900004;5
1.000000,0.000000;1636.698423,-38.841871;31
1.000000,0.000000;1676.525348,-132.631779;32
1.000000,0.000000;1646.343231,-198.448375;33
1.000000,0.000000;1713.799725,-196.090316;34
23
15
14
12
13
10
9
11
8
7
6
20
18
19
24
25
23
21
27
28
16
29
30
26
