-100.000000,188.195410
-100.000000,183.581380
-100.000000,182.786584
-100.000000,179.923398
-100.000000,185.205762
-100.000000,188.743237
-100.000000,192.410999
-100.000000,195.060486
-100.000000,196.451613
-100.000000,197.038266
-100.000000,196.862230
-100.000000,196.259495
-100.000000,196.634247
-100.000000,196.653305
-100.000000,196.954655
-100.000000,197.275116
-100.000000,197.177470
-100.000000,197.438508
-100.000000,197.488705
-100.000000,197.197155
43.500000,61.385795
44.000000,60.504622
44.500000,59.378182
44.500000,60.108848
45.000000,59.377488
45.500000,58.905801
45.500000,59.107220
46.000000,58.315271
46.500000,57.546095
46.500000,57.410187
46.500000,57.182083
47.000000,56.789528
47.000000,57.002635
47.500000,56.714495
47.500000,56.840230
48.000000,56.223573
48.500000,55.904257
48.500000,55.729137
49.000000,55.311779
49.000000,55.410671
-100.000000,174.219874
-100.000000,153.272432
-100.000000,144.357507
-100.000000,139.359456
-100.000000,155.533491
-100.000000,173.485879
-100.000000,193.211650
-100.000000,196.131791
-100.000000,190.459543
-100.000000,183.422299
-100.000000,179.339355
-100.000000,180.694267
-100.000000,186.859381
-100.000000,193.143722
-100.000000,196.868639
-100.000000,195.121261
-100.000000,186.408394
-100.000000,179.087979
-100.000000,172.083362
-100.000000,164.544597
62.000000,51.155263
61.500000,52.100239
61.500000,52.675446
61.500000,53.512558
61.000000,55.289991
60.500000,57.915152
59.500000,61.014972
58.500000,68.429817
54.500000,77.972042
21.000000,120.046415
19.500000,140.487154
14.500000,160.065375
-100.000000,196.824177
-100.000000,198.833256
-100.000000,199.318494
-100.000000,199.316290
-100.000000,199.381687
-100.000000,198.883009
-100.000000,199.224081
-100.000000,198.318580
50.500000,53.887780
50.500000,53.864225
51.000000,53.810536
51.500000,53.529623
51.500000,53.731175
52.000000,53.522544
52.000000,53.487490
52.500000,53.235760
52.500000,53.158618
52.500000,53.234606
53.000000,53.005250
53.000000,52.956507
53.000000,52.987000
53.000000,53.044074
53.500000,52.809535
53.500000,52.787222
53.500000,52.825712
53.500000,52.857776
54.000000,52.790269
54.000000,52.770090
63.000000,56.396722
63.000000,55.101951
63.500000,53.255878
63.500000,53.043857
63.500000,52.696271
63.500000,53.120875
63.000000,52.984513
63.000000,52.795432
63.000000,52.051675
63.000000,51.644334
62.500000,51.503778
63.000000,50.624014
63.000000,50.837298
63.000000,50.665187
63.000000,50.406572
63.000000,50.171730
62.500000,50.375377
62.500000,50.400495
62.500000,50.184132
62.500000,50.059832
