-100.000000,43.955598
-100.000000,47.979859
33.500000,64.658247
37.000000,67.207356
39.000000,68.700069
39.500000,69.729305
40.000000,70.217052
40.500000,70.263815
40.500000,70.681683
40.500000,70.075448
40.500000,69.963863
41.000000,69.806074
41.500000,68.552881
43.000000,67.112257
44.000000,64.886110
44.500000,63.416602
45.000000,63.157446
45.000000,63.173236
45.500000,61.586943
46.000000,60.788925
17.000000,84.761581
52.500000,72.034964
53.500000,68.256931
53.500000,66.860114
53.500000,65.378238
53.500000,64.663577
53.500000,63.893106
53.000000,63.535753
52.500000,63.144182
52.500000,62.543715
52.500000,62.252382
52.000000,62.008562
52.000000,61.788989
52.000000,61.433964
52.000000,61.361060
52.000000,61.160649
52.000000,61.046800
52.500000,60.594134
53.000000,60.185965
53.000000,59.983557
60.000000,56.565364
60.500000,56.119225
60.500000,55.906916
61.000000,55.508805
61.000000,55.477711
61.000000,55.289059
61.500000,54.764770
61.500000,54.782930
62.000000,54.405222
62.000000,54.293102
62.000000,54.144955
62.000000,54.005342
62.500000,53.532786
62.500000,53.392542
62.500000,53.287454
62.500000,53.264124
63.000000,52.778161
63.000000,52.755785
63.000000,52.730694
63.000000,52.680184
-100.000000,195.020160
-100.000000,193.757430
-100.000000,191.006822
-100.000000,190.275339
-100.000000,192.580404
-100.000000,194.433885
-100.000000,196.186113
-100.000000,197.512030
-100.000000,197.710027
-100.000000,196.611132
-100.000000,194.650172
-100.000000,192.318830
-100.000000,190.875606
-100.000000,193.266205
-100.000000,196.060401
-100.000000,197.440331
-100.000000,197.641850
-100.000000,197.173289
-100.000000,197.383287
-100.000000,197.914465
52.000000,65.587986
52.000000,65.238708
52.000000,65.484018
52.000000,65.587731
51.500000,65.627963
51.500000,65.605975
51.500000,65.604434
51.500000,65.483503
51.500000,65.536726
51.500000,65.944983
52.000000,65.882033
52.000000,65.992427
52.000000,66.206604
52.000000,66.054752
52.000000,66.098459
52.500000,65.892656
52.500000,65.862334
52.500000,65.756121
52.500000,65.619241
52.500000,65.752277
53.500000,58.499473
53.500000,58.470725
53.500000,58.449579
53.500000,58.292431
54.000000,57.740340
54.000000,57.829784
54.000000,57.795580
54.000000,57.803432
54.000000,57.769835
54.000000,57.874737
54.000000,57.941575
54.000000,57.730461
54.000000,57.712141
54.000000,57.604279
54.000000,57.659612
54.000000,57.572907
54.000000,57.775359
54.000000,57.751209
54.000000,57.825243
54.000000,58.081153
