62.000000,61.457069
62.500000,60.621310
63.000000,59.799902
63.000000,59.590894
63.500000,58.753534
63.500000,58.392765
64.000000,57.325952
64.000000,57.052571
64.500000,56.214019
64.500000,55.892377
64.500000,55.403551
65.000000,54.557231
65.000000,54.294164
65.500000,53.444110
65.500000,53.233716
65.500000,53.008294
65.500000,52.781687
65.500000,52.593449
66.000000,51.826889
66.000000,51.655684
63.000000,60.424542
62.500000,61.242527
62.000000,62.213696
62.000000,62.380352
61.500000,63.336560
61.500000,63.566069
61.000000,64.483834
60.500000,65.501936
60.000000,66.677064
60.000000,67.074660
59.500000,68.077282
58.500000,69.725428
58.000000,71.053611
57.500000,72.172526
56.500000,73.998705
55.500000,75.852498
54.500000,77.660990
53.000000,80.127737
51.500000,82.531751
48.500000,86.766558
59.500000,62.676364
60.500000,60.475232
61.000000,58.751801
61.500000,57.292357
62.000000,55.919144
62.000000,55.206355
62.500000,54.114060
63.000000,52.989440
63.000000,52.360971
63.500000,51.337990
63.500000,50.918167
64.000000,50.290550
64.000000,50.009850
64.500000,49.375226
64.500000,49.107936
64.500000,48.823397
65.000000,48.313211
65.000000,48.109958
65.000000,47.962186
65.500000,47.489386
59.500000,62.782901
60.500000,60.217946
61.000000,58.804860
61.000000,57.748472
61.500000,56.582745
61.500000,55.875952
62.000000,54.646542
62.500000,53.788315
63.000000,52.865950
63.000000,52.192804
63.500000,51.575510
63.500000,51.203703
63.500000,50.925451
64.000000,50.837555
64.000000,50.748281
64.000000,50.851642
64.000000,50.823388
64.500000,50.205012
64.500000,49.984401
65.000000,49.359334
62.000000,61.550918
62.500000,60.725817
63.000000,59.843397
63.000000,59.676568
63.000000,59.143919
63.500000,58.452197
63.500000,57.953719
64.000000,57.008972
64.000000,56.658223
64.500000,55.936293
64.500000,55.496607
64.500000,55.095745
65.000000,54.301644
65.000000,54.025026
65.000000,53.714705
65.000000,53.409476
65.500000,52.648953
65.500000,52.478040
65.500000,52.305864
65.500000,52.260716
60.000000,61.950329
60.500000,60.014335
61.000000,58.214236
61.500000,56.578091
62.000000,55.394221
62.500000,54.247521
63.000000,53.106761
63.000000,52.501292
63.500000,51.530435
64.000000,50.637654
64.000000,50.256384
64.000000,49.969276
64.500000,49.217779
64.500000,49.037582
65.000000,48.465486
65.000000,48.227554
65.000000,48.117629
65.000000,47.968956
65.500000,47.559328
65.500000,47.507851
