60
0.000000,1.000000;-100.000000,192.920132;-1
0.242536,0.970143;-100.000000,195.489522;-1
0.554700,0.832050;-100.000000,198.523023;-1
0.832050,0.554700;-100.000000,198.407472;-1
0.970143,0.242536;-100.000000,199.832117;-1
1.000000,0.000000;-100.000000,197.327119;-1
0.000000,1.000000;-100.000000,192.762444;0
0.000000,1.000000;-100.000000,199.252173;6
0.000000,1.000000;-100.000000,198.833180;7
0.000000,1.000000;-100.000000,198.974963;8
0.242536,0.970143;-100.000000,191.366377;1
0.242536,0.970143;-100.000000,199.286535;10
0.242536,0.970143;-100.000000,199.198717;11
0.242536,0.970143;-100.000000,199.220760;12
0.554700,0.832050;-100.000000,199.801921;2
0.554700,0.832050;-100.000000,199.726195;14
0.554700,0.832050;-100.000000,199.684512;15
0.554700,0.832050;-100.000000,199.700657;16
0.832050,0.554700;63.000000,138.702195;3
0.832050,0.554700;66.000000,145.312534;18
0.832050,0.554700;65.500000,151.558235;19
0.832050,0.554700;65.500000,152.824189;20
0.970143,0.242536;21.000000,130.127890;4
0.970143,0.242536;64.000000,140.774816;22
0.970143,0.242536;66.000000,142.990971;23
0.970143,0.242536;67.000000,144.622351;24
1.000000,0.000000;30.500000,129.580175;5
1.000000,0.000000;42.500000,110.462207;26
1.000000,0.000000;50.000000,106.129345;27
1.000000,0.000000;54.000000,112.386164;28
0.970143,0.242536;67.000000,145.331575;25
0.947266,0.320449;66.000000,151.398327;21
0.832050,0.554700;65.000000,154.569633;21
0.997927,0.064359;66.500000,147.329328;21
0.947266,0.320449;66.500000,148.375971;20
0.660132,0.751150;64.500000,155.096031;21
0.970143,0.242536;67.000000,144.952177;30
0.660132,0.751150;64.500000,155.741279;32
0.947266,0.320449;66.500000,148.567276;34
0.196116,0.980581;63.000000,156.530583;35
0.832050,0.554700;65.000000,155.017451;32
0.874313,0.485363;66.000000,150.617851;30
0.970143,0.242536;67.000000,144.625175;36
0.660132,0.751150;63.500000,156.481739;39
0.443227,0.896410;63.500000,156.248682;37
0.718900,0.695113;66.000000,150.231036;36
0.832050,0.554700;65.500000,153.232693;31
0.832050,0.554700;65.000000,154.749710;40
0.970143,0.242536;66.500000,148.083456;41
0.660132,0.751150;64.000000,156.619549;43
0.718900,0.695113;66.000000,151.347894;30
0.443227,0.896410;63.500000,157.053882;43
0.660132,0.751150;64.500000,156.262275;40
0.947266,0.320449;66.000000,150.561473;31
0.443227,0.896410;63.000000,157.095091;51
0.970143,0.242536;66.500000,146.964237;50
0.660132,0.751150;64.000000,156.209822;49
0.874313,0.485363;66.000000,151.570422;50
0.660132,0.751150;63.500000,157.223871;51
0.514496,0.857493;65.500000,152.992822;30
17
22
26
27
58
51
40
35
57
31
55
30
29
28
14
15
6
10
